Date of Census,Total Adults in Shelter,Total Children in Shelter,Total Individuals in Shelter,Single Adult Men in Shelter,Single Adult Women in Shelter,Total Single Adults in Shelter,Families with Children in Shelter,Adult Families in Shelter,Individuals in Adult Families in Shelter
01-Jan-18,37388,22711,60099,10644,4039,14683,12721,2516,5309
02-Jan-18,38059,22970,61029,10997,4128,15125,12894,2512,5298
03-Jan-18,37732,22652,60384,11038,4127,15165,12730,2462,5206
04-Jan-18,37447,22382,59829,11134,4089,15223,12565,2423,5117
05-Jan-18,37392,22116,59508,11183,4141,15324,12436,2399,5073
06-Jan-18,36878,21815,58693,11023,4158,15181,12266,2383,5039
07-Jan-18,37131,21819,58950,11079,4195,15274,12320,2425,5135
08-Jan-18,37120,21749,58869,11035,4262,15297,12325,2424,5146
09-Jan-18,37491,22113,59604,11051,4286,15337,12552,2482,5274
10-Jan-18,38015,22376,60391,11280,4363,15643,12660,2518,5349
11-Jan-18,38273,22523,60796,11433,4401,15834,12741,2548,5392
12-Jan-18,38269,22450,60719,11550,4425,15975,12714,2517,5326
13-Jan-18,37467,22710,60177,10723,4058,14781,12716,2496,5266
14-Jan-18,37641,22760,60401,10807,4082,14889,12759,2500,5276
15-Jan-18,37667,22813,60480,10774,4110,14884,12777,2505,5287
16-Jan-18,37655,22786,60441,10792,4092,14884,12771,2504,5286
17-Jan-18,37718,22813,60531,10805,4115,14920,12793,2506,5287
18-Jan-18,37777,22783,60560,10812,4150,14962,12775,2530,5336
19-Jan-18,37742,22795,60537,10792,4136,14928,12801,2519,5314
20-Jan-18,37742,22888,60630,10782,4104,14886,12848,2511,5300
21-Jan-18,37829,22874,60703,10834,4124,14958,12847,2511,5300
22-Jan-18,37823,22824,60647,10877,4123,15000,12817,2511,5296
23-Jan-18,37852,22880,60732,10883,4137,15020,12835,2502,5279
24-Jan-18,37891,22904,60795,10893,4138,15031,12856,2513,5299
25-Jan-18,37926,22919,60845,10920,4126,15046,12874,2505,5284
26-Jan-18,37916,22927,60843,10905,4122,15027,12876,2505,5294
27-Jan-18,37875,22922,60797,10902,4114,15016,12874,2494,5268
28-Jan-18,37931,22930,60861,10939,4120,15059,12883,2493,5269
29-Jan-18,37973,22930,60903,10913,4145,15058,12870,2516,5313
30-Jan-18,38009,22906,60915,10976,4143,15119,12853,2515,5310
31-Jan-18,38088,22950,61038,10989,4150,15139,12878,2524,5330
01-Feb-18,37444,22682,60126,10695,4064,14759,12706,2516,5308
02-Feb-18,37976,22974,60950,10974,4101,15075,12887,2500,5272
03-Feb-18,37776,22647,60423,11051,4133,15184,12727,2474,5230
04-Feb-18,37538,22354,59892,11158,4120,15278,12555,2443,5160
05-Feb-18,37355,22110,59465,11184,4125,15309,12424,2398,5072
06-Feb-18,36842,21803,58645,11036,4149,15185,12258,2370,5011
07-Feb-18,37187,21831,59018,11076,4197,15273,12322,2449,5186
08-Feb-18,37162,21701,58863,11081,4265,15346,12308,2437,5173
09-Feb-18,37594,22183,59777,11116,4305,15421,12573,2471,5252
10-Feb-18,38059,22464,60523,11298,4394,15692,12691,2501,5315
11-Feb-18,38214,22522,60736,11393,4373,15766,12746,2547,5391
12-Feb-18,38343,22470,60813,11579,4448,16027,12730,2519,5330
13-Feb-18,37978,22782,60760,11071,4188,15259,12779,2489,5247
14-Feb-18,37969,22786,60755,11055,4183,15238,12784,2491,5254
15-Feb-18,38009,22766,60775,11078,4203,15281,12782,2490,5254
16-Feb-18,37900,22693,60593,11026,4184,15210,12760,2487,5248
17-Feb-18,37835,22651,60486,11018,4193,15211,12737,2472,5218
18-Feb-18,37899,22662,60561,11058,4188,15246,12743,2479,5230
19-Feb-18,37930,22622,60552,11086,4211,15297,12725,2483,5238
20-Feb-18,37909,22620,60529,11062,4195,15257,12737,2485,5242
21-Feb-18,37874,22598,60472,11094,4187,15281,12722,2474,5221
22-Feb-18,37916,22654,60570,11118,4189,15307,12739,2477,5224
23-Feb-18,37839,22639,60478,11047,4189,15236,12736,2474,5221
24-Feb-18,37769,22597,60366,11056,4186,15242,12709,2453,5179
25-Feb-18,37824,22603,60427,11107,4183,15290,12702,2461,5198
26-Feb-18,37870,22600,60470,11119,4190,15309,12702,2473,5224
27-Feb-18,37837,22620,60457,11109,4179,15288,12715,2462,5199
28-Feb-18,37800,22643,60443,11063,4162,15225,12718,2466,5214
01-Mar-18,37301,22542,59843,10684,4047,14731,12619,2507,5291
02-Mar-18,38019,22983,61002,10988,4116,15104,12891,2506,5286
03-Mar-18,37684,22600,60284,11007,4152,15159,12707,2458,5194
04-Mar-18,37533,22298,59831,11171,4127,15298,12533,2440,5155
05-Mar-18,37246,22106,59352,11103,4130,15233,12412,2390,5055
06-Mar-18,36995,21810,58805,11121,4193,15314,12264,2376,5026
07-Mar-18,37145,21907,59052,11068,4156,15224,12343,2438,5165
08-Mar-18,37103,21737,58840,11028,4263,15291,12312,2437,5172
09-Mar-18,37618,22170,59788,11130,4321,15451,12566,2467,5245
10-Mar-18,38087,22500,60587,11310,4383,15693,12720,2501,5308
11-Mar-18,38282,22515,60797,11431,4388,15819,12760,2543,5385
12-Mar-18,38400,22447,60847,11626,4447,16073,12726,2522,5338
13-Mar-18,37782,22520,60302,11134,4174,15308,12644,2470,5216
14-Mar-18,37786,22550,60336,11122,4178,15300,12665,2468,5212
15-Mar-18,37840,22585,60425,11151,4184,15335,12679,2471,5216
16-Mar-18,37738,22580,60318,11089,4165,15254,12668,2470,5217
17-Mar-18,37711,22601,60312,11094,4156,15250,12674,2460,5194
18-Mar-18,37771,22610,60381,11142,4159,15301,12683,2463,5199
19-Mar-18,37762,22593,60355,11122,4153,15275,12680,2468,5208
20-Mar-18,37851,22570,60421,11177,4183,15360,12667,2480,5233
21-Mar-18,37902,22627,60529,11187,4184,15371,12708,2471,5215
22-Mar-18,37804,22562,60366,11178,4155,15333,12665,2471,5214
23-Mar-18,37694,22538,60232,11136,4129,15265,12659,2456,5182
24-Mar-18,37584,22469,60053,11134,4096,15230,12607,2453,5174
25-Mar-18,37674,22464,60138,11190,4132,15322,12597,2459,5187
26-Mar-18,37677,22456,60133,11174,4146,15320,12587,2469,5208
27-Mar-18,37675,22414,60089,11191,4160,15351,12565,2466,5202
28-Mar-18,37648,22410,60058,11183,4149,15332,12561,2461,5194
29-Mar-18,37572,22408,59980,11134,4142,15276,12559,2459,5188
30-Mar-18,37363,22372,59735,11031,4111,15142,12541,2438,5145
31-Mar-18,37356,22375,59731,11058,4108,15166,12541,2424,5116
01-Apr-18,37461,22636,60097,10706,4061,14767,12691,2516,5309
02-Apr-18,38047,22978,61025,10999,4128,15127,12889,2509,5292
03-Apr-18,37730,22633,60363,11042,4154,15196,12721,2452,5181
04-Apr-18,37450,22348,59838,11050,4130,15173,12590,2433,5131
05-Apr-18,37187,22068,59255,11055,4114,15169,12400,2401,5074
06-Apr-18,37045,21801,58846,11146,4200,15346,12250,2388,5053
07-Apr-18,37051,21927,58978,10993,4143,15136,12353,2434,5158
08-Apr-18,37137,21791,58928,11041,4245,15286,12349,2431,5165
09-Apr-18,37663,22116,59779,11214,4321,15535,12531,2479,5266
10-Apr-18,38144,22555,60699,11330,4379,15709,12732,2512,5331
11-Apr-18,38315,22530,60845,11460,4404,15864,12754,2541,5383
12-Apr-18,38469,22486,60955,11667,4460,16127,12741,2519,5328
13-Apr-18,37476,22263,59739,11145,4120,15265,12483,2422,5117
14-Apr-18,37397,22225,59622,11122,4123,15245,12460,2414,5101
15-Apr-18,37557,22209,59766,11269,4155,15424,12458,2404,5082
16-Apr-18,37560,22209,59769,11260,4165,15425,12453,2415,5103
17-Apr-18,37626,22175,59801,11307,4163,15470,12429,2434,5146
18-Apr-18,37581,22184,59765,11288,4152,15440,12436,2427,5133
19-Apr-18,37561,22184,59745,11293,4167,15460,12428,2410,5097
20-Apr-18,37466,22160,59626,11215,4153,15368,12421,2413,5105
21-Apr-18,37444,22168,59612,11194,4146,15340,12430,2407,5093
22-Apr-18,37485,22132,59617,11248,4155,15403,12418,2408,5095
23-Apr-18,37541,22160,59701,11256,4157,15413,12431,2421,5120
24-Apr-18,37487,22059,59546,11280,4178,15458,12388,2403,5083
25-Apr-18,37519,22119,59638,11289,4160,15449,12411,2406,5090
26-Apr-18,37527,22124,59651,11272,4162,15434,12430,2408,5091
27-Apr-18,37482,22122,59604,11245,4163,15408,12431,2397,5067
28-Apr-18,37411,22125,59536,11227,4129,15356,12439,2383,5039
29-Apr-18,37463,22105,59568,11275,4166,15441,12428,2375,5021
30-Apr-18,37484,22103,59587,11276,4143,15419,12428,2400,5075
01-May-18,37354,22566,59920,10688,4049,14737,12638,2517,5314
02-May-18,38040,22985,61025,11011,4111,15122,12882,2515,5304
03-May-18,37806,22613,60419,11107,4167,15274,12707,2466,5212
04-May-18,37460,22330,59790,11058,4115,15173,12540,2454,5184
05-May-18,37092,22043,59135,11039,4114,15153,12379,2381,5034
06-May-18,36996,21720,58716,11129,4211,15340,12219,2395,5065
07-May-18,37094,21957,59051,11007,4140,15147,12358,2441,5171
08-May-18,37261,21827,59088,11088,4285,15373,12365,2435,5174
09-May-18,37702,22113,59815,11253,4329,15582,12517,2480,5273
10-May-18,38082,22575,60657,11252,4358,15610,12743,2521,5351
11-May-18,38377,22501,60878,11518,4413,15931,12734,2559,5419
12-May-18,38543,22531,61074,11696,4463,16159,12766,2520,5332
13-May-18,37310,21969,59279,11198,4164,15362,12360,2403,5080
14-May-18,37288,21943,59231,11201,4160,15361,12339,2410,5093
15-May-18,37349,21968,59317,11237,4174,15411,12342,2412,5098
16-May-18,37413,22061,59474,11260,4175,15435,12390,2403,5082
17-May-18,37377,22062,59439,11225,4170,15395,12406,2396,5066
18-May-18,37307,22056,59363,11185,4146,15331,12409,2391,5055
19-May-18,37179,21998,59177,11126,4152,15278,12379,2380,5034
20-May-18,37210,21948,59158,11138,4189,15327,12348,2390,5055
21-May-18,37151,21880,59031,11119,4181,15300,12308,2400,5075
22-May-18,37253,21893,59146,11227,4189,15416,12297,2405,5085
23-May-18,37224,21894,59118,11198,4192,15390,12315,2399,5072
24-May-18,37164,21885,59049,11164,4186,15350,12310,2393,5061
25-May-18,37045,21845,58890,11069,4181,15250,12302,2396,5064
26-May-18,37030,21818,58848,11085,4180,15265,12281,2394,5060
27-May-18,37100,21778,58878,11178,4203,15381,12254,2392,5053
28-May-18,37162,21810,58972,11194,4219,15413,12260,2400,5073
29-May-18,37153,21793,58946,11214,4188,15402,12256,2396,5065
30-May-18,37125,21775,58900,11199,4209,15408,12252,2396,5066
31-May-18,37006,21780,58786,11130,4196,15326,12251,2383,5038
01-Jun-18,37313,22579,59892,10686,4027,14713,12644,2504,5288
02-Jun-18,38038,22964,61002,11009,4151,15160,12870,2503,5280
03-Jun-18,37758,22636,60394,11080,4161,15241,12696,2461,5203
04-Jun-18,37476,22337,59813,11092,4107,15199,12526,2448,5171
05-Jun-18,37217,22031,59248,11122,4158,15280,12372,2385,5043
06-Jun-18,37015,21772,58787,11123,4218,15341,12258,2387,5047
07-Jun-18,37011,21862,58873,10972,4162,15134,12304,2443,5180
08-Jun-18,37293,21823,59116,11111,4290,15401,12367,2438,5180
09-Jun-18,37650,22097,59747,11221,4273,15494,12530,2489,5290
10-Jun-18,38059,22598,60657,11230,4345,15575,12765,2509,5327
11-Jun-18,38346,22501,60847,11529,4407,15936,12737,2541,5382
12-Jun-18,38563,22498,61061,11712,4463,16175,12763,2520,5331
13-Jun-18,37103,21720,58823,11127,4225,15352,12280,2414,5104
14-Jun-18,37086,21748,58834,11106,4224,15330,12300,2409,5092
15-Jun-18,36970,21740,58710,11051,4175,15226,12286,2411,5098
16-Jun-18,36988,21744,58732,11071,4158,15229,12300,2413,5100
17-Jun-18,37136,21768,58904,11117,4226,15343,12309,2415,5103
18-Jun-18,37232,21753,58985,11200,4237,15437,12297,2423,5120
19-Jun-18,37111,21696,58807,11188,4216,15404,12264,2402,5079
20-Jun-18,37090,21700,58790,11190,4207,15397,12267,2393,5057
21-Jun-18,37058,21656,58714,11173,4225,15398,12248,2391,5054
22-Jun-18,36983,21640,58623,11100,4220,15320,12243,2401,5073
23-Jun-18,36950,21626,58576,11115,4213,15328,12240,2384,5042
24-Jun-18,37050,21673,58723,11157,4218,15375,12253,2400,5075
25-Jun-18,37100,21722,58822,11171,4198,15369,12268,2415,5104
26-Jun-18,37054,21609,58663,11199,4202,15401,12209,2416,5107
27-Jun-18,37134,21639,58773,11215,4208,15423,12233,2419,5116
28-Jun-18,37212,21764,58976,11193,4227,15420,12280,2427,5132
29-Jun-18,36971,21784,58755,10985,4181,15166,12284,2433,5148
30-Jun-18,36971,21756,58727,11009,4171,15180,12289,2424,5131
01-Jul-18,37435,22657,60092,10698,4044,14742,12693,2512,5305
02-Jul-18,38108,22967,61075,11033,4175,15208,12872,2514,5303
03-Jul-18,37847,22641,60488,11143,4158,15301,12704,2469,5217
04-Jul-18,37470,22275,59745,11124,4112,15236,12503,2438,5152
05-Jul-18,37259,22025,59284,11145,4169,15314,12368,2390,5054
06-Jul-18,37004,21755,58759,11105,4227,15332,12260,2390,5052
07-Jul-18,37038,21870,58908,11000,4156,15156,12307,2444,5181
08-Jul-18,37386,21877,59263,11133,4306,15439,12378,2449,5203
09-Jul-18,37626,22159,59785,11150,4291,15441,12551,2487,5285
10-Jul-18,38150,22583,60733,11300,4362,15662,12764,2513,5336
11-Jul-18,38464,22585,61049,11579,4413,15992,12779,2545,5390
12-Jul-18,38483,22453,60936,11672,4449,16121,12744,2521,5335
13-Jul-18,37026,21835,58861,11038,4162,15200,12290,2437,5166
14-Jul-18,37024,21863,58887,11034,4163,15197,12327,2417,5126
15-Jul-18,37152,21863,59015,11099,4217,15316,12324,2420,5131
16-Jul-18,37155,21803,58958,11110,4205,15315,12304,2432,5155
17-Jul-18,37151,21785,58936,11123,4229,15352,12297,2422,5131
18-Jul-18,37206,21854,59060,11144,4219,15363,12342,2419,5129
19-Jul-18,37180,21845,59025,11121,4216,15337,12341,2419,5127
20-Jul-18,37035,21787,58822,11038,4187,15225,12322,2421,5130
21-Jul-18,37094,21776,58870,11099,4197,15296,12321,2417,5124
22-Jul-18,37179,21757,58936,11166,4222,15388,12315,2420,5131
23-Jul-18,37169,21723,58892,11152,4234,15386,12285,2430,5154
24-Jul-18,37252,21710,58962,11219,4264,15483,12278,2425,5142
25-Jul-18,37305,21797,59102,11180,4273,15453,12323,2438,5173
26-Jul-18,37216,21792,59008,11128,4250,15378,12314,2437,5172
27-Jul-18,37195,21734,58929,11117,4257,15374,12306,2428,5153
28-Jul-18,37139,21765,58904,11072,4249,15321,12323,2426,5147
29-Jul-18,37238,21783,59021,11140,4274,15414,12329,2422,5139
30-Jul-18,37217,21744,58961,11128,4282,15410,12311,2428,5149
31-Jul-18,37190,21762,58952,11097,4259,15356,12320,2438,5170
01-Aug-18,37505,22655,60160,10715,4079,14794,12696,2514,5313
02-Aug-18,38053,22918,60971,11042,4164,15206,12851,2501,5275
03-Aug-18,37835,22671,60506,11119,4152,15271,12716,2466,5212
04-Aug-18,37458,22293,59751,11094,4127,15221,12507,2440,5157
05-Aug-18,37253,22008,59261,11153,4165,15318,12364,2386,5046
06-Aug-18,36925,21781,58706,11029,4173,15202,12273,2402,5077
07-Aug-18,37157,21908,59065,11080,4188,15268,12329,2439,5170
08-Aug-18,37367,21850,59217,11140,4290,15430,12384,2444,5191
09-Aug-18,37678,22213,59891,11180,4306,15486,12568,2480,5271
10-Aug-18,38210,22569,60779,11326,4405,15731,12754,2516,5341
11-Aug-18,38461,22601,61062,11556,4427,15983,12783,2544,5389
12-Aug-18,38456,22423,60879,11699,4421,16120,12731,2519,5332
13-Aug-18,37444,21812,59256,11162,4301,15463,12373,2469,5244
14-Aug-18,37464,21831,59295,11191,4313,15504,12375,2458,5221
15-Aug-18,37562,21945,59507,11198,4324,15522,12428,2468,5240
16-Aug-18,37550,21935,59485,11201,4323,15524,12422,2471,5243
17-Aug-18,37467,21942,59409,11136,4303,15439,12435,2470,5241
18-Aug-18,37469,21977,59446,11121,4311,15432,12448,2468,5240
19-Aug-18,37588,22004,59592,11199,4327,15526,12472,2464,5232
20-Aug-18,37678,22024,59702,11235,4334,15569,12486,2473,5249
21-Aug-18,37592,21963,59555,11217,4333,15550,12446,2474,5254
22-Aug-18,37733,22043,59776,11236,4360,15596,12496,2485,5275
23-Aug-18,37703,22041,59744,11244,4359,15603,12494,2473,5252
24-Aug-18,37593,22053,59646,11149,4330,15479,12507,2475,5254
25-Aug-18,37557,22072,59629,11114,4309,15423,12519,2473,5253
26-Aug-18,37721,22140,59861,11202,4333,15535,12552,2479,5267
27-Aug-18,37717,22117,59834,11181,4359,15540,12539,2480,5269
28-Aug-18,37635,22025,59660,11183,4341,15524,12497,2476,5259
29-Aug-18,37707,22136,59843,11191,4346,15537,12546,2477,5262
30-Aug-18,37691,22123,59814,11171,4332,15503,12556,2477,5263
31-Aug-18,37508,22118,59626,11066,4275,15341,12555,2475,5259
01-Sept-18,37449,22595,60044,10746,4064,14810,12664,2505,5289
02-Sept-18,38035,22891,60926,11032,4164,15196,12853,2492,5260
03-Sept-18,37769,22586,60355,11088,4157,15245,12680,2465,5210
04-Sept-18,37600,22310,59910,11200,4145,15345,12512,2447,5170
05-Sept-18,37299,22046,59345,11161,4177,15338,12375,2398,5069
06-Sept-18,36963,21794,58757,11006,4187,15193,12295,2408,5090
07-Sept-18,37178,21878,59056,11073,4196,15269,12310,2452,5196
08-Sept-18,37384,21854,59238,11149,4274,15423,12388,2454,5214
09-Sept-18,37841,22266,60107,11267,4356,15623,12597,2473,5255
10-Sept-18,38244,22590,60834,11329,4397,15726,12764,2533,5375
11-Sept-18,38354,22517,60871,11521,4410,15931,12751,2541,5384
12-Sept-18,38578,22507,61085,11695,4462,16157,12771,2530,5354
13-Sept-18,37976,22264,60240,11288,4381,15669,12617,2503,5323
14-Sept-18,37845,22243,60088,11208,4355,15563,12610,2500,5315
15-Sept-18,37859,22294,60153,11199,4370,15569,12632,2481,5281
16-Sept-18,37933,22347,60280,11248,4374,15622,12651,2481,5281
17-Sept-18,38030,22321,60351,11320,4401,15721,12635,2500,5319
18-Sept-18,38083,22354,60437,11338,4400,15738,12658,2502,5321
19-Sept-18,38071,22434,60505,11315,4400,15715,12695,2488,5293
20-Sept-18,38012,22456,60468,11281,4395,15676,12695,2482,5278
21-Sept-18,38024,22527,60551,11264,4356,15620,12732,2491,5293
22-Sept-18,38046,22540,60586,11252,4379,15631,12745,2491,5289
23-Sept-18,38138,22532,60670,11329,4402,15731,12752,2490,5288
24-Sept-18,38181,22538,60719,11346,4408,15754,12749,2498,5303
25-Sept-18,38203,22554,60757,11344,4408,15752,12757,2502,5311
26-Sept-18,38175,22559,60734,11323,4414,15737,12759,2496,5300
27-Sept-18,38120,22549,60669,11311,4406,15717,12741,2493,5294
28-Sept-18,37990,22468,60458,11248,4380,15628,12701,2498,5302
29-Sept-18,37938,22456,60394,11203,4386,15589,12689,2495,5297
30-Sept-18,38020,22420,60440,11284,4401,15685,12673,2496,5301
01-Oct-18,37481,22627,60108,10762,4068,14830,12686,2503,5285
02-Oct-18,37885,22831,60716,10980,4144,15124,12812,2488,5249
03-Oct-18,37681,22601,60282,11077,4121,15198,12675,2451,5179
04-Oct-18,37608,22291,59899,11218,4164,15382,12496,2442,5162
05-Oct-18,37307,22060,59367,11164,4169,15333,12380,2401,5074
06-Oct-18,37123,21787,58910,11104,4224,15328,12303,2414,5103
07-Oct-18,37178,21832,59010,11102,4225,15327,12282,2443,5179
08-Oct-18,37310,21859,59169,11055,4269,15324,12388,2460,5229
09-Oct-18,37854,22240,60094,11266,4371,15637,12574,2485,5283
11-Oct-18,38387,22540,60927,11532,4411,15943,12764,2539,5385
12-Oct-18,38590,22475,61065,11715,4472,16187,12739,2537,5368
13-Oct-18,38245,22649,60894,11336,4371,15707,12799,2524,5357
14-Oct-18,38298,22663,60961,11351,4419,15770,12790,2522,5353
15-Oct-18,38323,22644,60967,11362,4417,15779,12775,2540,5393
16-Oct-18,38276,22642,60918,11364,4368,15732,12784,2539,5387
17-Oct-18,38338,22665,61003,11360,4426,15786,12804,2534,5379
18-Oct-18,38305,22614,60919,11385,4422,15807,12779,2522,5353
19-Oct-18,38258,22618,60876,11369,4413,15782,12776,2516,5339
20-Oct-18,38230,22632,60862,11315,4416,15731,12797,2517,5340
21-Oct-18,38309,22631,60940,11399,4427,15826,12793,2515,5336
22-Oct-18,38294,22572,60866,11413,4443,15856,12754,2523,5352
23-Oct-18,38313,22564,60877,11428,4428,15856,12761,2526,5356
24-Oct-18,38389,22570,60959,11493,4436,15929,12768,2527,5355
25-Oct-18,38377,22519,60896,11501,4443,15944,12748,2532,5366
26-Oct-18,38351,22538,60889,11484,4420,15904,12751,2538,5374
27-Oct-18,38363,22544,60907,11488,4424,15912,12759,2537,5371
28-Oct-18,38411,22546,60957,11515,4435,15950,12765,2541,5379
29-Oct-18,38387,22506,60893,11537,4427,15964,12735,2543,5381
30-Oct-18,38348,22508,60856,11506,4422,15928,12729,2542,5379
31-Oct-18,38344,22524,60868,11486,4425,15911,12743,2545,5384
01-Nov-18,37571,22725,60296,10776,4087,14863,12747,2492,5260
02-Nov-18,37939,22853,60792,11024,4171,15195,12815,2479,5231
03-Nov-18,37795,22621,60416,11113,4169,15282,12691,2456,5189
04-Nov-18,37640,22293,59933,11239,4169,15408,12492,2435,5147
05-Nov-18,37173,22004,59177,11110,4131,15241,12363,2393,5059
06-Nov-18,37024,21702,58726,11069,4214,15283,12258,2417,5107
07-Nov-18,37217,21829,59046,11126,4212,15338,12299,2447,5190
08-Nov-18,37390,21866,59256,11100,4276,15376,12401,2464,5236
09-Nov-18,37912,22257,60169,11303,4374,15677,12590,2484,5282
10-Nov-18,38237,22561,60798,11363,4380,15743,12774,2518,5345
11-Nov-18,38469,22549,61018,11604,4429,16033,12766,2536,5380
12-Nov-18,38591,22457,61048,11739,4465,16204,12733,2533,5361
13-Nov-18,38535,22573,61108,11647,4442,16089,12768,2544,5394
14-Nov-18,38570,22604,61174,11666,4446,16112,12771,2547,5400
15-Nov-18,38467,22585,61052,11554,4451,16005,12776,2551,5409
16-Nov-18,38493,22590,61083,11566,4443,16009,12783,2561,5425
17-Nov-18,38439,22593,61032,11561,4431,15992,12779,2546,5395
18-Nov-18,38503,22580,61083,11603,4453,16056,12773,2548,5398
19-Nov-18,38469,22544,61013,11628,4451,16079,12742,2542,5385
20-Nov-18,38473,22570,61043,11618,4447,16065,12767,2537,5373
21-Nov-18,38413,22571,60984,11586,4426,16012,12771,2534,5366
22-Nov-18,38425,22565,60990,11578,4417,15995,12777,2539,5374
23-Nov-18,38400,22546,60946,11588,4406,15994,12761,2536,5372
24-Nov-18,38340,22494,60834,11574,4422,15996,12725,2531,5363
25-Nov-18,38334,22443,60777,11585,4438,16023,12703,2526,5353
26-Nov-18,38413,22457,60870,11646,4451,16097,12701,2531,5363
27-Nov-18,38434,22477,60911,11676,4458,16134,12706,2520,5339
28-Nov-18,38441,22493,60934,11685,4455,16140,12721,2514,5326
29-Nov-18,38481,22511,60992,11664,4469,16133,12734,2523,5340
30-Nov-18,38312,22481,60793,11588,4418,16006,12716,2518,5329
01-Dec-18,37454,22759,60213,10689,4047,14736,12744,2494,5261
02-Dec-18,37963,22791,60754,11043,4184,15227,12786,2491,5257
03-Dec-18,37849,22600,60449,11127,4168,15295,12676,2480,5237
04-Dec-18,37647,22285,59932,11256,4166,15422,12503,2422,5118
05-Dec-18,37211,21961,59172,11138,4147,15285,12353,2401,5076
06-Dec-18,37030,21692,58722,11096,4210,15306,12258,2409,5092
07-Dec-18,37119,21845,58964,11062,4201,15263,12299,2442,5176
08-Dec-18,37441,21859,59300,11140,4283,15423,12401,2470,5248
09-Dec-18,38001,22308,60309,11318,4385,15703,12619,2500,5313
10-Dec-18,38210,22597,60807,11349,4375,15724,12775,2516,5341
11-Dec-18,38504,22560,61064,11627,4430,16057,12763,2542,5391
12-Dec-18,38623,22481,61104,11715,4485,16200,12756,2538,5373
13-Dec-18,38636,22526,61162,11678,4474,16152,12776,2549,5398
14-Dec-18,38462,22440,60902,11600,4440,16040,12733,2548,5392
15-Dec-18,38463,22461,60924,11620,4429,16049,12744,2535,5366
16-Dec-18,38551,22454,61005,11711,4449,16160,12736,2533,5361
17-Dec-18,38577,22401,60978,11727,4463,16190,12699,2553,5404
18-Dec-18,38601,22421,61022,11751,4480,16231,12696,2543,5381
19-Dec-18,38544,22405,60949,11728,4451,16179,12700,2542,5377
20-Dec-18,38510,22377,60887,11727,4436,16163,12684,2548,5391
21-Dec-18,38417,22362,60779,11678,4436,16114,12668,2534,5361
22-Dec-18,38384,22342,60726,11660,4412,16072,12661,2544,5381
23-Dec-18,38412,22308,60720,11697,4423,16120,12645,2545,5384
24-Dec-18,38266,22255,60521,11603,4405,16008,12612,2551,5395
25-Dec-18,38318,22284,60602,11644,4397,16041,12627,2546,5383
26-Dec-18,38383,22261,60644,11696,4412,16108,12606,2557,5408
27-Dec-18,38335,22227,60562,11696,4421,16117,12583,2547,5385
28-Dec-18,38254,22212,60466,11672,4395,16067,12574,2538,5364
29-Dec-18,38213,22229,60442,11657,4384,16041,12586,2525,5337
30-Dec-18,38211,22239,60450,11649,4397,16046,12584,2520,5327
31-Dec-18,38219,22269,60488,11630,4395,16025,12595,2529,5347
01-Jan-19,38251,22319,60570,11644,4369,16013,12616,2534,5353
02-Jan-19,38683,22396,61079,11944,4468,16412,12633,2548,5385
03-Jan-19,38411,21962,60373,11988,4422,16410,12446,2526,5342
04-Jan-19,38220,21731,59951,12032,4430,16462,12344,2503,5279
05-Jan-19,37689,20921,58610,12035,4407,16442,11954,2513,5300
06-Jan-19,37057,20686,57743,11691,4284,15975,11787,2522,5331
07-Jan-19,37098,20728,57826,11708,4287,15995,11786,2521,5335
08-Jan-19,37317,21044,58361,11744,4354,16098,11920,2500,5276
09-Jan-19,37527,21331,58858,11707,4422,16129,12073,2492,5270
10-Jan-19,38049,21585,59634,11875,4523,16398,12207,2511,5309
11-Jan-19,38019,21746,59765,11880,4500,16380,12197,2517,5313
12-Jan-19,38365,21683,60048,12241,4594,16835,12179,2487,5232
13-Jan-19,38768,22511,61279,11871,4490,16361,12728,2552,5393
14-Jan-19,38807,22448,61255,11894,4507,16401,12698,2572,5435
15-Jan-19,38748,22448,61196,11862,4501,16363,12687,2569,5430
16-Jan-19,38791,22500,61291,11856,4516,16372,12723,2568,5427
17-Jan-19,38830,22468,61298,11886,4520,16406,12706,2578,5449
18-Jan-19,38738,22435,61173,11870,4494,16364,12678,2574,5441
19-Jan-19,38711,22456,61167,11849,4487,16336,12676,2566,5425
20-Jan-19,38773,22454,61227,11897,4491,16388,12678,2565,5424
21-Jan-19,38831,22457,61288,11935,4499,16434,12683,2569,5433
22-Jan-19,38793,22434,61227,11930,4497,16427,12665,2569,5429
23-Jan-19,38794,22454,61248,11954,4488,16442,12670,2559,5407
24-Jan-19,38807,22447,61254,11978,4483,16461,12666,2556,5404
25-Jan-19,38753,22433,61186,11947,4488,16435,12655,2551,5391
26-Jan-19,38731,22406,61137,11967,4477,16444,12647,2535,5362
27-Jan-19,38747,22368,61115,11993,4481,16474,12620,2545,5380
28-Jan-19,38795,22360,61155,12025,4490,16515,12619,2555,5396
29-Jan-19,38810,22379,61189,12015,4503,16518,12634,2552,5394
30-Jan-19,38838,22413,61251,12033,4494,16527,12652,2550,5391
31-Jan-19,38800,22404,61204,11995,4504,16499,12649,2548,5387
01-Feb-19,38383,22334,60717,11717,4401,16118,12635,2537,5359
02-Feb-19,38631,22364,60995,11940,4450,16390,12625,2540,5365
03-Feb-19,38374,21991,60365,11953,4408,16361,12474,2519,5327
04-Feb-19,38284,21744,60028,12071,4441,16512,12362,2499,5272
05-Feb-19,37651,20864,58515,12049,4398,16447,11916,2513,5301
06-Feb-19,37239,20696,57935,11789,4330,16119,11807,2527,5342
07-Feb-19,37164,20764,57928,11731,4300,16031,11809,2524,5336
08-Feb-19,37313,21076,58389,11718,4380,16098,11928,2497,5270
09-Feb-19,37634,21344,58978,11772,4438,16210,12084,2493,5272
10-Feb-19,38149,21616,59765,11898,4541,16439,12236,2519,5327
11-Feb-19,38084,21725,59809,11920,4526,16446,12194,2513,5303
12-Feb-19,38394,21694,60088,12253,4595,16848,12183,2487,5232
13-Feb-19,38720,22212,60932,12071,4476,16547,12546,2557,5396
14-Feb-19,38704,22261,60965,12037,4473,16510,12564,2551,5385
15-Feb-19,38609,22202,60811,11965,4483,16448,12542,2545,5375
16-Feb-19,38645,22189,60834,12029,4482,16511,12535,2535,5356
17-Feb-19,38646,22156,60802,12053,4473,16526,12521,2541,5367
18-Feb-19,38634,22096,60730,12092,4482,16574,12487,2532,5349
19-Feb-19,38689,22109,60798,12109,4492,16601,12497,2538,5360
20-Feb-19,38609,22052,60661,12097,4493,16590,12453,2537,5353
21-Feb-19,38620,22058,60678,12099,4485,16584,12463,2539,5356
22-Feb-19,38559,22048,60607,12060,4459,16519,12463,2543,5363
23-Feb-19,38564,22058,60622,12079,4467,16546,12461,2533,5341
24-Feb-19,38631,22042,60673,12106,4504,16610,12456,2533,5346
25-Feb-19,38653,22041,60694,12129,4494,16623,12453,2539,5360
26-Feb-19,38658,22007,60665,12127,4513,16640,12452,2530,5344
27-Feb-19,38625,21995,60620,12080,4508,16588,12458,2539,5365
28-Feb-19,38544,21992,60536,12085,4420,16505,12451,2536,5361
01-Mar-19,38416,22318,60734,11741,4427,16168,12620,2540,5365
02-Mar-19,38621,22382,61003,11934,4436,16370,12632,2540,5365
03-Mar-19,38476,22024,60500,12038,4429,16467,12483,2509,5308
04-Mar-19,38224,21767,59991,12048,4396,16444,12374,2494,5264
05-Mar-19,37542,20808,58350,11977,4388,16365,11895,2520,5312
06-Mar-19,37359,20738,58097,11856,4338,16194,11824,2533,5354
07-Mar-19,37182,20845,58027,11716,4303,16019,11849,2516,5319
08-Mar-19,37295,21099,58394,11740,4354,16094,11946,2478,5230
09-Mar-19,37722,21376,59098,11789,4433,16222,12114,2515,5316
10-Mar-19,38164,21667,59831,11921,4541,16462,12246,2513,5311
11-Mar-19,38235,21743,59978,12018,4529,16547,12207,2530,5339
12-Mar-19,38371,21680,60051,12224,4621,16845,12167,2493,5244
13-Mar-19,38592,21987,60579,12083,4448,16531,12490,2520,5320
14-Mar-19,38472,21914,60386,12052,4457,16509,12440,2517,5315
15-Mar-19,38353,21953,60306,11976,4405,16381,12473,2502,5282
16-Mar-19,38227,21891,60118,11930,4398,16328,12439,2497,5266
17-Mar-19,38318,21892,60210,12020,4412,16432,12432,2495,5262
18-Mar-19,38346,21838,60184,12055,4438,16493,12393,2508,5283
19-Mar-19,38379,21830,60209,12074,4439,16513,12391,2508,5286
20-Mar-19,38392,21885,60277,12059,4435,16494,12416,2512,5294
21-Mar-19,38434,21881,60315,12097,4439,16536,12418,2515,5297
22-Mar-19,38395,21894,60289,12064,4433,16497,12418,2516,5300
23-Mar-19,38299,21804,60103,12035,4426,16461,12380,2509,5287
24-Mar-19,38361,21785,60146,12103,4429,16532,12366,2515,5301
25-Mar-19,38349,21765,60114,12117,4431,16548,12344,2517,5306
26-Mar-19,38332,21734,60066,12115,4447,16562,12341,2510,5289
27-Mar-19,38351,21760,60111,12110,4461,16571,12358,2511,5291
28-Mar-19,38348,21803,60151,12095,4449,16544,12381,2511,5292
29-Mar-19,38271,21780,60051,12018,4440,16458,12376,2515,5304
30-Mar-19,38124,21770,59894,11963,4398,16361,12366,2493,5259
31-Mar-19,38197,21760,59957,12028,4429,16457,12351,2493,5259
01-Apr-19,38307,22337,60644,11710,4378,16088,12620,2529,5342
02-Apr-19,38706,22353,61059,11995,4471,16466,12602,2551,5389
03-Apr-19,38637,22033,60670,12086,4448,16534,12491,2544,5380
04-Apr-19,38155,21715,59870,12006,4402,16408,12356,2492,5262
05-Apr-19,37526,20870,58396,11957,4377,16334,11916,2507,5291
06-Apr-19,37391,20713,58104,11912,4358,16270,11802,2529,5343
07-Apr-19,37015,20845,57860,11580,4254,15834,11837,2527,5339
08-Apr-19,37396,21124,58520,11807,4366,16173,11960,2476,5227
09-Apr-19,37830,21402,59232,11862,4444,16306,12126,2516,5320
10-Apr-19,38049,21707,59756,11836,4508,16344,12256,2509,5302
11-Apr-19,38221,21730,59951,12044,4504,16548,12192,2536,5351
12-Apr-19,38325,21618,59943,12231,4630,16861,12149,2482,5221
13-Apr-19,37528,21051,58579,11916,4405,16321,11999,2476,5219
14-Apr-19,37692,21062,58754,12008,4430,16438,12012,2489,5247
15-Apr-19,37738,21021,58759,12082,4439,16521,11977,2489,5245
16-Apr-19,37771,21023,58794,12095,4461,16556,11968,2492,5252
17-Apr-19,37739,20954,58693,12126,4455,16581,11931,2492,5251
18-Apr-19,37678,20915,58593,12098,4457,16555,11918,2479,5226
19-Apr-19,37592,20924,58516,12018,4425,16443,11920,2491,5252
20-Apr-19,37630,20940,58570,12041,4407,16448,11932,2492,5254
21-Apr-19,37692,20948,58640,12074,4419,16493,11935,2497,5264
22-Apr-19,37712,20874,58586,12119,4435,16554,11894,2502,5273
23-Apr-19,37759,20858,58617,12110,4442,16552,11896,2520,5310
24-Apr-19,37740,20909,58649,12108,4452,16560,11916,2499,5268
25-Apr-19,37738,20927,58665,12108,4435,16543,11920,2512,5294
26-Apr-19,37719,20963,58682,12076,4412,16488,11938,2513,5297
27-Apr-19,37700,20945,58645,12050,4423,16473,11942,2505,5283
28-Apr-19,37801,20941,58742,12136,4438,16574,11946,2504,5282
29-Apr-19,37802,20905,58707,12142,4441,16583,11929,2508,5290
30-Apr-19,37781,20931,58712,12079,4445,16524,11945,2515,5304
01-May-19,38345,22347,60692,11726,4390,16116,12638,2522,5332
02-May-19,38689,22330,61019,11997,4481,16478,12585,2542,5372
03-May-19,38490,21960,60450,12026,4441,16467,12438,2535,5362
04-May-19,38093,21690,59783,11977,4405,16382,12344,2488,5252
05-May-19,37657,20883,58540,12059,4397,16456,11923,2505,5287
06-May-19,37382,20711,58093,11911,4362,16273,11790,2529,5343
07-May-19,37130,20871,58001,11640,4289,15929,11854,2523,5332
08-May-19,37434,21136,58570,11796,4364,16160,11970,2495,5262
09-May-19,37889,21483,59372,11861,4468,16329,12155,2512,5311
10-May-19,38051,21675,59726,11860,4518,16378,12237,2503,5289
11-May-19,38233,21750,59983,12061,4525,16586,12196,2523,5321
12-May-19,38316,21600,59916,12263,4633,16896,12121,2478,5214
14-May-19,37784,20889,58673,12125,4404,16529,11939,2527,5330
15-May-19,37750,20936,58686,12104,4387,16491,11934,2532,5338
16-May-19,37603,20893,58496,12028,4372,16400,11913,2521,5318
17-May-19,37387,20859,58246,11886,4320,16206,11908,2515,5306
18-May-19,37368,20858,58226,11868,4302,16170,11910,2516,5313
19-May-19,37357,20842,58199,11893,4308,16201,11887,2512,5305
20-May-19,37369,20822,58191,11921,4307,16228,11880,2515,5311
21-May-19,37338,20807,58145,11932,4285,16217,11873,2509,5295
22-May-19,37371,20800,58171,11929,4342,16271,11862,2504,5287
23-May-19,37425,20799,58224,11962,4335,16297,11867,2512,5305
24-May-19,37302,20765,58067,11879,4313,16192,11846,2511,5302
25-May-19,37311,20766,58077,11867,4305,16172,11853,2515,5313
26-May-19,37265,20762,58027,11846,4307,16153,11840,2511,5304
27-May-19,37259,20709,57968,11863,4317,16180,11811,2512,5305
28-May-19,37267,20740,58007,11856,4285,16141,11814,2532,5348
29-May-19,37332,20708,58040,11936,4316,16252,11792,2521,5325
30-May-19,37353,20739,58092,11907,4327,16234,11808,2527,5339
31-May-19,37130,20704,57834,11749,4290,16039,11795,2525,5332
01-Jun-19,38505,22402,60907,11787,4428,16215,12670,2530,5348
02-Jun-19,38736,22348,61084,12017,4495,16512,12599,2539,5365
03-Jun-19,38553,21947,60500,12080,4466,16546,12443,2527,5344
04-Jun-19,38026,21709,59735,11913,4379,16292,12358,2488,5252
05-Jun-19,37692,20873,58565,12062,4403,16465,11924,2516,5308
06-Jun-19,37346,20750,58096,11901,4335,16236,11807,2524,5332
07-Jun-19,37112,20859,57971,11662,4308,15970,11849,2498,5280
08-Jun-19,37510,21146,58656,11841,4380,16221,11975,2497,5263
09-Jun-19,37820,21478,59298,11805,4458,16263,12157,2514,5312
10-Jun-19,38121,21694,59815,11909,4524,16433,12253,2504,5293
11-Jun-19,38312,21809,60121,12059,4544,16603,12223,2537,5353
12-Jun-19,38252,21615,59867,12203,4629,16832,12118,2476,5211
13-Jun-19,37376,20763,58139,11882,4372,16254,11804,2522,5334
14-Jun-19,37322,20805,58127,11825,4354,16179,11819,2526,5344
15-Jun-19,37222,20812,58034,11733,4337,16070,11818,2526,5345
16-Jun-19,37267,20795,58062,11792,4350,16142,11807,2518,5328
17-Jun-19,37361,20809,58170,11840,4359,16199,11803,2539,5373
18-Jun-19,37386,20810,58196,11867,4388,16255,11808,2523,5340
19-Jun-19,37412,20803,58215,11871,4375,16246,11817,2534,5363
20-Jun-19,37412,20827,58239,11862,4373,16235,11823,2533,5362
21-Jun-19,37292,20797,58089,11800,4346,16146,11809,2528,5351
22-Jun-19,37177,20762,57939,11734,4336,16070,11790,2515,5324
23-Jun-19,37289,20785,58074,11823,4363,16186,11805,2500,5294
24-Jun-19,37299,20742,58041,11835,4371,16206,11780,2515,5323
25-Jun-19,37299,20721,58020,11849,4378,16227,11770,2510,5313
26-Jun-19,37381,20787,58168,11854,4378,16232,11814,2513,5321
27-Jun-19,37319,20745,58064,11811,4376,16187,11802,2510,5314
28-Jun-19,37263,20772,58035,11778,4359,16137,11813,2503,5300
29-Jun-19,37164,20749,57913,11707,4334,16041,11804,2508,5311
30-Jun-19,37170,20740,57910,11726,4339,16065,11799,2507,5308
01-Jul-19,38612,22421,61033,11814,4449,16263,12673,2556,5406
02-Jul-19,38689,22340,61029,11998,4477,16475,12581,2545,5377
03-Jul-19,38600,22024,60624,12068,4481,16549,12492,2518,5324
04-Jul-19,38149,21722,59871,12006,4400,16406,12364,2489,5253
05-Jul-19,37663,20882,58545,12079,4380,16459,11922,2513,5298
06-Jul-19,37255,20719,57974,11840,4327,16167,11793,2516,5317
07-Jul-19,37174,20864,58038,11700,4330,16030,11847,2503,5288
08-Jul-19,37544,21144,58688,11847,4395,16242,11978,2503,5277
09-Jul-19,37788,21457,59245,11792,4467,16259,12155,2503,5289
10-Jul-19,38164,21692,59856,11955,4520,16475,12233,2517,5319
11-Jul-19,38335,21835,60170,12077,4566,16643,12230,2523,5323
12-Jul-19,38293,21628,59921,12204,4640,16844,12128,2485,5229
13-Jul-19,37170,20910,58080,11673,4331,16004,11870,2497,5279
14-Jul-19,37257,20860,58117,11762,4346,16108,11852,2499,5284
15-Jul-19,37285,20851,58136,11776,4336,16112,11847,2510,5308
16-Jul-19,37273,20846,58119,11796,4342,16138,11833,2501,5286
17-Jul-19,37303,20861,58164,11802,4376,16178,11839,2490,5266
18-Jul-19,37350,20901,58251,11829,4380,16209,11866,2485,5257
19-Jul-19,37244,20871,58115,11762,4348,16110,11854,2494,5274
20-Jul-19,37149,20832,57981,11718,4325,16043,11844,2488,5261
21-Jul-19,37184,20794,57978,11747,4355,16102,11825,2490,5263
22-Jul-19,37319,20846,58165,11799,4376,16175,11863,2496,5273
23-Jul-19,37317,20908,58225,11809,4391,16200,11882,2471,5222
24-Jul-19,37312,20980,58292,11792,4378,16170,11893,2472,5227
25-Jul-19,37327,20924,58251,11822,4384,16206,11865,2482,5247
26-Jul-19,37218,20940,58158,11727,4371,16098,11861,2489,5260
27-Jul-19,37178,20958,58136,11670,4342,16012,11871,2502,5287
28-Jul-19,37310,20979,58289,11746,4374,16120,11883,2506,5295
29-Jul-19,37380,21027,58407,11779,4373,16152,11897,2512,5305
30-Jul-19,37350,20982,58332,11813,4368,16181,11871,2496,5270
31-Jul-19,37392,21010,58402,11833,4382,16215,11884,2498,5273
01-Aug-19,38564,22403,60967,11812,4447,16259,12659,2545,5383
02-Aug-19,38675,22324,60999,11987,4473,16460,12569,2551,5387
03-Aug-19,38444,21978,60422,11995,4439,16434,12467,2517,5319
04-Aug-19,38117,21643,59760,12009,4401,16410,12326,2497,5268
05-Aug-19,37682,20902,58584,12068,4375,16443,11936,2525,5326
06-Aug-19,37136,20708,57844,11786,4303,16089,11781,2502,5292
07-Aug-19,37293,20848,58141,11752,4354,16106,11847,2522,5327
08-Aug-19,37477,21172,58649,11782,4389,16171,12001,2490,5253
09-Aug-19,37961,21515,59476,11867,4488,16355,12197,2508,5300
10-Aug-19,38219,21713,59932,11993,4553,16546,12239,2505,5294
11-Aug-19,38281,21794,60075,12083,4563,16646,12205,2517,5303
12-Aug-19,38363,21673,60036,12268,4625,16893,12158,2480,5219
13-Aug-19,37659,21275,58934,11854,4371,16225,12043,2509,5297
14-Aug-19,37719,21299,59018,11873,4393,16266,12068,2508,5295
15-Aug-19,37741,21341,59082,11889,4400,16289,12093,2497,5270
16-Aug-19,37594,21316,58910,11793,4381,16174,12088,2487,5253
17-Aug-19,37517,21313,58830,11755,4361,16116,12079,2489,5258
18-Aug-19,37694,21375,59069,11846,4413,16259,12103,2490,5260
19-Aug-19,37717,21307,59024,11877,4406,16283,12070,2509,5298
20-Aug-19,37676,21304,58980,11882,4394,16276,12061,2499,5278
21-Aug-19,37683,21334,59017,11853,4397,16250,12081,2502,5285
22-Aug-19,37705,21304,59009,11880,4411,16291,12071,2506,5291
23-Aug-19,37600,21298,58898,11767,4428,16195,12065,2500,5279
24-Aug-19,37574,21293,58867,11746,4414,16160,12074,2498,5278
25-Aug-19,37674,21279,58953,11824,4438,16262,12063,2500,5283
26-Aug-19,37750,21291,59041,11858,4455,16313,12062,2516,5314
27-Aug-19,37717,21235,58952,11887,4450,16337,12032,2508,5297
28-Aug-19,37832,21310,59142,11946,4477,16423,12074,2501,5282
29-Aug-19,37757,21356,59113,11875,4458,16333,12092,2496,5272
30-Aug-19,37566,21343,58909,11706,4430,16136,12082,2508,5299
31-Aug-19,37552,21315,58867,11702,4432,16134,12066,2507,5298
01-Sept-19,38650,22463,61113,11831,4471,16302,12684,2553,5400
02-Sept-19,38636,22285,60921,11996,4464,16460,12557,2544,5370
03-Sept-19,38426,22000,60426,11977,4429,16406,12487,2510,5305
04-Sept-19,37654,21056,58710,12003,4411,16414,12007,2481,5225
05-Sept-19,37680,20937,58617,12052,4384,16436,11954,2519,5312
06-Sept-19,37124,20734,57858,11746,4305,16051,11794,2505,5299
07-Sept-19,37316,20882,58198,11762,4353,16115,11857,2518,5319
08-Sept-19,37400,21184,58584,11747,4350,16097,12008,2483,5239
09-Sept-19,38030,21527,59557,11897,4478,16375,12201,2529,5345
10-Sept-19,38200,21682,59882,12000,4565,16565,12230,2501,5286
11-Sept-19,38293,21803,60096,12070,4582,16652,12209,2516,5300
12-Sept-19,38404,21639,60043,12309,4627,16936,12143,2487,5233
13-Sept-19,38021,21595,59616,11853,4506,16359,12235,2514,5311
14-Sept-19,37916,21595,59511,11825,4481,16306,12227,2500,5278
15-Sept-19,38021,21636,59657,11873,4509,16382,12253,2498,5282
16-Sept-19,38070,21635,59705,11871,4526,16397,12252,2512,5312
17-Sept-19,38031,21590,59621,11875,4546,16421,12209,2507,5298
18-Sept-19,38149,21653,59802,11929,4556,16485,12240,2510,5302
19-Sept-19,38187,21649,59836,11972,4583,16555,12224,2506,5295
20-Sept-19,37980,21623,59603,11844,4537,16381,12208,2497,5275
21-Sept-19,37880,21559,59439,11806,4520,16326,12178,2492,5271
22-Sept-19,37960,21563,59523,11887,4527,16414,12174,2489,5267
23-Sept-19,38039,21612,59651,11911,4510,16421,12207,2499,5286
24-Sept-19,38107,21582,59689,11936,4561,16497,12193,2499,5286
25-Sept-19,38154,21592,59746,11941,4556,16497,12212,2512,5315
26-Sept-19,38221,21620,59841,11952,4579,16531,12224,2521,5335
27-Sept-19,38023,21594,59617,11846,4563,16409,12211,2497,5284
28-Sept-19,38001,21625,59626,11841,4529,16370,12228,2492,5273
29-Sept-19,38149,21670,59819,11917,4556,16473,12249,2500,5289
30-Sept-19,38094,21601,59695,11914,4543,16457,12219,2501,5291
01-Oct-19,38704,22460,61164,11882,4473,16355,12698,2553,5397
02-Oct-19,38634,22257,60891,12007,4469,16476,12550,2541,5364
03-Oct-19,38446,21975,60421,12000,4441,16441,12471,2514,5313
04-Oct-19,37686,21124,58810,12016,4404,16420,12029,2478,5218
05-Oct-19,37628,20926,58554,11999,4364,16363,11961,2527,5330
06-Oct-19,37276,20734,58010,11832,4327,16159,11792,2526,5342
07-Oct-19,37379,20943,58322,11798,4351,16149,11882,2514,5312
08-Oct-19,37387,21213,58600,11724,4336,16060,12013,2487,5249
09-Oct-19,38039,21522,59561,11906,4511,16417,12191,2521,5331
10-Oct-19,38234,21726,59960,11980,4565,16545,12241,2517,5320
11-Oct-19,38368,21860,60228,12112,4576,16688,12242,2513,5293
12-Oct-19,38355,21624,59979,12267,4662,16929,12129,2476,5211
13-Oct-19,38318,21808,60126,11970,4547,16517,12293,2534,5351
14-Oct-19,38350,21756,60106,12014,4568,16582,12277,2534,5350
15-Oct-19,38376,21808,60184,12014,4573,16587,12298,2531,5342
16-Oct-19,38376,21752,60128,12035,4591,16626,12264,2536,5351
17-Oct-19,38196,21718,59914,11920,4578,16498,12244,2529,5337
18-Oct-19,38292,21779,60071,11975,4568,16543,12280,2528,5335
19-Oct-19,38199,21718,59917,11946,4558,16504,12237,2524,5327
20-Oct-19,38213,21732,59945,11951,4551,16502,12246,2532,5345
21-Oct-19,38353,21721,60074,12067,4580,16647,12240,2532,5346
22-Oct-19,38366,21734,60100,12055,4592,16647,12244,2532,5344
23-Oct-19,38423,21769,60192,12080,4596,16676,12252,2535,5348
24-Oct-19,38388,21754,60142,12108,4584,16692,12227,2528,5332
25-Oct-19,38296,21739,60035,12019,4580,16599,12212,2539,5355
26-Oct-19,38246,21767,60013,11957,4574,16531,12226,2536,5348
27-Oct-19,38328,21786,60114,12049,4591,16640,12232,2516,5309
28-Oct-19,38355,21765,60120,12078,4577,16655,12218,2531,5339
29-Oct-19,38415,21766,60181,12116,4598,16714,12213,2535,5345
30-Oct-19,38337,21732,60069,12077,4602,16679,12200,2529,5333
31-Oct-19,38249,21753,60002,12007,4562,16569,12211,2530,5337
01-Nov-19,38751,22577,61328,11806,4463,16269,12764,2558,5410
02-Nov-19,38679,22212,60891,12062,4473,16535,12525,2550,5379
03-Nov-19,38502,22010,60512,12019,4444,16463,12493,2514,5313
04-Nov-19,37817,21154,58971,12051,4435,16486,12053,2492,5246
05-Nov-19,37570,20924,58494,11987,4336,16323,11965,2514,5306
06-Nov-19,37265,20739,58004,11810,4350,16160,11790,2522,5335
07-Nov-19,37547,20971,58518,11904,4381,16285,11908,2515,5315
08-Nov-19,37542,21267,58809,11791,4375,16166,12039,2490,5257
09-Nov-19,38022,21582,59604,11878,4513,16391,12215,2515,5320
10-Nov-19,38164,21738,59902,11911,4546,16457,12243,2530,5341
11-Nov-19,38475,21867,60342,12140,4609,16749,12259,2521,5309
12-Nov-19,38366,21634,60000,12268,4671,16939,12120,2481,5220
13-Nov-19,38612,21876,60488,12236,4626,16862,12255,2533,5336
14-Nov-19,38569,21910,60479,12198,4614,16812,12275,2523,5314
15-Nov-19,38508,21893,60401,12157,4590,16747,12269,2528,5321
16-Nov-19,38424,21883,60307,12108,4616,16724,12263,2513,5289
17-Nov-19,38544,21893,60437,12199,4625,16824,12275,2513,5286
18-Nov-19,38602,21861,60463,12270,4638,16908,12261,2510,5282
19-Nov-19,38558,21847,60405,12282,4618,16900,12242,2505,5274
20-Nov-19,38520,21831,60351,12268,4608,16876,12241,2500,5263
21-Nov-19,38521,21818,60339,12247,4624,16871,12234,2506,5276
22-Nov-19,38402,21779,60181,12205,4599,16804,12219,2497,5260
23-Nov-19,38393,21747,60140,12217,4598,16815,12208,2493,5253
24-Nov-19,38438,21728,60166,12269,4609,16878,12206,2487,5241
25-Nov-19,38468,21767,60235,12229,4625,16854,12228,2504,5272
26-Nov-19,38388,21728,60116,12213,4616,16829,12198,2488,5238
27-Nov-19,38249,21698,59947,12130,4591,16721,12189,2483,5227
28-Nov-19,38168,21706,59874,12022,4587,16609,12197,2496,5251
29-Nov-19,38152,21662,59814,12062,4559,16621,12171,2497,5254
30-Nov-19,38214,21695,59909,12117,4565,16682,12188,2486,5230
01-Dec-19,38783,22632,61415,11824,4456,16280,12791,2555,5402
02-Dec-19,38653,22225,60878,12033,4456,16489,12554,2545,5370
03-Dec-19,38575,21982,60557,12091,4437,16528,12479,2521,5328
04-Dec-19,37698,21059,58757,12043,4435,16478,11996,2476,5217
05-Dec-19,37702,20928,58630,12056,4381,16437,11962,2517,5312
06-Dec-19,37344,20781,58125,11869,4348,16217,11807,2525,5338
07-Dec-19,37266,20906,58172,11751,4328,16079,11867,2510,5304
08-Dec-19,37675,21273,58948,11865,4376,16241,12052,2509,5296
09-Dec-19,38130,21630,59760,11911,4537,16448,12244,2516,5319
10-Dec-19,38183,21770,59953,11876,4555,16431,12267,2531,5341
11-Dec-19,38600,21879,60479,12210,4633,16843,12260,2534,5338
12-Dec-19,38392,21647,60039,12262,4668,16930,12138,2482,5222
13-Dec-19,38286,21625,59911,12227,4612,16839,12120,2488,5233
14-Dec-19,38265,21595,59860,12225,4616,16841,12116,2478,5214
15-Dec-19,38357,21640,59997,12255,4631,16886,12135,2485,5227
16-Dec-19,38435,21628,60063,12344,4631,16975,12124,2486,5228
17-Dec-19,38382,21583,59965,12310,4665,16975,12090,2481,5217
18-Dec-19,38380,21567,59947,12306,4676,16982,12082,2484,5222
19-Dec-19,38440,21544,59984,12348,4687,17035,12074,2489,5234
20-Dec-19,38322,21546,59868,12259,4653,16912,12074,2488,5234
21-Dec-19,38310,21537,59847,12251,4655,16906,12081,2481,5219
22-Dec-19,38377,21540,59917,12310,4659,16969,12089,2478,5213
23-Dec-19,38386,21541,59927,12294,4651,16945,12091,2493,5243
24-Dec-19,38083,21430,59513,12196,4565,16761,12025,2480,5215
25-Dec-19,38194,21461,59655,12263,4574,16837,12040,2491,5237
26-Dec-19,38220,21473,59693,12277,4584,16861,12036,2489,5234
27-Dec-19,38035,21367,59402,12212,4584,16796,11966,2478,5212
28-Dec-19,37987,21302,59289,12245,4570,16815,11921,2470,5196
29-Dec-19,38014,21263,59277,12280,4582,16862,11902,2471,5197
30-Dec-19,38081,21266,59347,12311,4606,16917,11910,2471,5197
31-Dec-19,37705,21322,59027,11965,4543,16508,11931,2474,5205
01-Jan-20,38026,21352,59378,12213,4569,16782,11947,2485,5228
02-Jan-20,38161,21237,59398,12396,4668,17064,11879,2463,5186
03-Jan-20,37799,20652,58451,12552,4683,17235,11498,2436,5139
04-Jan-20,37728,20330,58058,12659,4617,17276,11436,2446,5151
05-Jan-20,36955,19750,56705,12703,4499,17202,11030,2361,4982
06-Jan-20,36916,19403,56319,12957,4501,17458,10885,2319,4894
07-Jan-20,36559,19001,55560,13038,4453,17491,10677,2264,4782
08-Jan-20,36156,18654,54810,13049,4481,17530,10486,2198,4644
09-Jan-20,36061,18441,54502,13239,4525,17764,10406,2134,4507
10-Jan-20,35828,18269,54097,13242,4524,17766,10327,2089,4420
11-Jan-20,35999,18125,54124,13559,4533,18092,10285,2055,4347
12-Jan-20,35754,17747,53501,13698,4516,18214,10117,2002,4234
13-Jan-20,38368,21479,59847,12403,4638,17041,12018,2488,5232
14-Jan-20,38490,21512,60002,12440,4664,17104,12044,2495,5251
15-Jan-20,38400,21505,59905,12404,4658,17062,12031,2481,5223
16-Jan-20,38418,21497,59915,12411,4674,17085,12028,2479,5218
17-Jan-20,38400,21467,59867,12392,4675,17067,12012,2490,5241
18-Jan-20,38368,21422,59790,12400,4695,17095,11989,2474,5208
19-Jan-20,38415,21422,59837,12423,4700,17123,11990,2478,5218
20-Jan-20,38465,21404,59869,12477,4701,17178,11974,2486,5236
21-Jan-20,38512,21445,59957,12490,4722,17212,11987,2483,5230
22-Jan-20,38469,21419,59888,12469,4738,17207,11966,2482,5222
23-Jan-20,38464,21399,59863,12455,4728,17183,11966,2493,5246
24-Jan-20,38330,21356,59686,12391,4691,17082,11946,2489,5233
25-Jan-20,38367,21362,59729,12424,4709,17133,11951,2471,5202
26-Jan-20,38431,21372,59803,12482,4721,17203,11957,2467,5194
27-Jan-20,38466,21370,59836,12484,4734,17218,11952,2478,5217
28-Jan-20,38458,21295,59753,12510,4741,17251,11921,2480,5220
29-Jan-20,38405,21300,59705,12488,4731,17219,11926,2475,5209
30-Jan-20,38374,21268,59642,12504,4731,17235,11903,2476,5212
31-Jan-20,38216,21278,59494,12401,4677,17078,11904,2469,5199
01-Feb-20,38039,21341,59380,12213,4584,16797,11943,2485,5228
02-Feb-20,38231,21252,59483,12454,4680,17134,11881,2458,5176
03-Feb-20,37786,20631,58417,12530,4675,17205,11488,2448,5166
04-Feb-20,37674,20265,57939,12673,4618,17291,11398,2435,5129
05-Feb-20,36907,19762,56669,12654,4477,17131,11047,2364,4983
06-Feb-20,36918,19409,56327,12983,4492,17475,10888,2311,4876
07-Feb-20,36486,18987,55473,13005,4453,17458,10670,2254,4762
08-Feb-20,36248,18708,54956,13072,4496,17568,10524,2200,4648
09-Feb-20,36108,18515,54623,13223,4535,17758,10450,2132,4505
10-Feb-20,35823,18280,54103,13225,4503,17728,10344,2097,4436
11-Feb-20,36035,18112,54147,13622,4534,18156,10260,2053,4341
12-Feb-20,35825,17809,53634,13700,4519,18219,10159,2007,4243
13-Feb-20,38042,20874,58916,12527,4712,17239,11624,2467,5200
14-Feb-20,37969,20837,58806,12482,4680,17162,11614,2471,5207
15-Feb-20,38019,20831,58850,12518,4688,17206,11618,2473,5211
16-Feb-20,38034,20813,58847,12547,4692,17239,11614,2467,5198
17-Feb-20,38077,20796,58873,12566,4717,17283,11603,2470,5202
18-Feb-20,38078,20774,58852,12576,4711,17287,11597,2476,5217
19-Feb-20,38000,20742,58742,12580,4703,17283,11566,2459,5181
20-Feb-20,37989,20730,58719,12603,4693,17296,11554,2459,5182
21-Feb-20,37926,20744,58670,12560,4683,17243,11561,2453,5172
22-Feb-20,37973,20764,58737,12562,4666,17228,11583,2461,5188
23-Feb-20,38026,20748,58774,12582,4690,17272,11579,2466,5197
24-Feb-20,37996,20700,58696,12579,4697,17276,11552,2467,5199
25-Feb-20,37972,20683,58655,12584,4694,17278,11539,2466,5199
26-Feb-20,37853,20654,58507,12521,4690,17211,11516,2461,5188
27-Feb-20,37879,20664,58543,12579,4681,17260,11516,2458,5182
28-Feb-20,37814,20661,58475,12533,4659,17192,11519,2455,5178
29-Feb-20,37790,20690,58480,12535,4660,17195,11519,2441,5147
01-Mar-20,37963,21288,59251,12159,4586,16745,11914,2489,5239
02-Mar-20,38222,21251,59473,12417,4689,17106,11881,2470,5202
03-Mar-20,37804,20638,58442,12539,4683,17222,11472,2455,5177
04-Mar-20,37709,20273,57982,12680,4617,17297,11414,2444,5146
05-Mar-20,36915,19730,56645,12685,4484,17169,11032,2357,4975
06-Mar-20,36880,19369,56249,12972,4501,17473,10859,2312,4879
07-Mar-20,36433,18940,55373,13013,4451,17464,10641,2245,4743
08-Mar-20,36306,18672,54978,13118,4503,17621,10508,2214,4679
09-Mar-20,36081,18431,54512,13240,4542,17782,10417,2134,4506
10-Mar-20,35733,18215,53948,13210,4508,17718,10293,2092,4428
11-Mar-20,36037,18147,54184,13634,4525,18159,10290,2037,4308
12-Mar-20,35839,17771,53610,13720,4534,18254,10142,2015,4255
13-Mar-20,37532,20458,57990,12493,4627,17120,11408,2437,5135
14-Mar-20,37452,20467,57919,12436,4600,17036,11406,2438,5135
15-Mar-20,37529,20492,58021,12488,4637,17125,11408,2433,5126
16-Mar-20,37480,20401,57881,12506,4628,17134,11357,2437,5136
17-Mar-20,37503,20421,57924,12511,4626,17137,11373,2438,5138
18-Mar-20,37492,20372,57864,12537,4619,17156,11344,2442,5147
19-Mar-20,37455,20358,57813,12528,4618,17146,11317,2444,5151
20-Mar-20,37303,20352,57655,12413,4610,17023,11310,2433,5132
21-Mar-20,37353,20351,57704,12462,4598,17060,11319,2432,5130
22-Mar-20,37478,20358,57836,12539,4616,17155,11332,2441,5148
23-Mar-20,37520,20383,57903,12579,4608,17187,11355,2435,5134
24-Mar-20,37567,20406,57973,12565,4603,17168,11387,2446,5157
25-Mar-20,37603,20372,57975,12573,4619,17192,11400,2444,5151
26-Mar-20,37604,20371,57975,12574,4612,17186,11412,2445,5151
27-Mar-20,37562,20357,57919,12562,4578,17140,11430,2439,5137
28-Mar-20,37667,20347,58014,12622,4614,17236,11437,2436,5130
29-Mar-20,37680,20362,58042,12618,4621,17239,11441,2440,5138
30-Mar-20,37708,20347,58055,12635,4635,17270,11437,2441,5139
31-Mar-20,37757,20341,58098,12677,4629,17306,11433,2448,5153
01-Apr-20,37952,21292,59244,12162,4569,16731,11915,2487,5234
02-Apr-20,37932,20906,58838,12409,4717,17126,11639,2456,5171
03-Apr-20,37744,20597,58341,12524,4679,17203,11441,2460,5187
04-Apr-20,37698,20280,57978,12681,4618,17299,11409,2440,5137
05-Apr-20,36972,19749,56721,12710,4493,17203,11038,2364,4986
06-Apr-20,36856,19329,56185,12993,4504,17497,10840,2304,4861
07-Apr-20,36268,18967,55235,12825,4437,17262,10655,2253,4759
08-Apr-20,36268,18675,54943,13104,4497,17601,10507,2203,4656
09-Apr-20,36009,18404,54413,13217,4531,17748,10397,2134,4508
10-Apr-20,35832,18240,54072,13299,4512,17811,10310,2088,4420
11-Apr-20,35950,18069,54019,13588,4536,18124,10257,2036,4304
12-Apr-20,35871,17805,53676,13726,4528,18254,10156,2021,4268
13-Apr-20,37664,20181,57845,12693,4635,17328,11371,2428,5117
14-Apr-20,37536,20109,57645,12643,4621,17264,11332,2425,5109
15-Apr-20,37493,20091,57584,12637,4628,17265,11312,2415,5091
16-Apr-20,37478,20023,57501,12720,4662,17382,11230,2402,5064
17-Apr-20,37455,20003,57458,12786,4638,17424,11163,2401,5060
18-Apr-20,37503,19998,57501,12810,4649,17459,11165,2407,5070
19-Apr-20,37456,19991,57447,12781,4628,17409,11164,2410,5076
20-Apr-20,37403,19965,57368,12766,4608,17374,11149,2409,5074
21-Apr-20,37333,19949,57282,12714,4608,17322,11143,2404,5064
22-Apr-20,37386,19976,57362,12779,4595,17374,11155,2396,5048
23-Apr-20,37336,19948,57284,12753,4608,17361,11129,2395,5045
24-Apr-20,37247,19891,57138,12702,4617,17319,11103,2393,5038
25-Apr-20,37222,19899,57121,12702,4614,17316,11108,2381,5015
26-Apr-20,37311,19892,57203,12782,4630,17412,11098,2381,5016
27-Apr-20,37308,19861,57169,12805,4623,17428,11087,2383,5021
28-Apr-20,37239,19858,57097,12774,4601,17375,11089,2373,5003
29-Apr-20,37148,19819,56967,12764,4594,17358,11065,2351,4961
30-Apr-20,37084,19792,56876,12753,4546,17299,11064,2351,4961
01-May-20,38174,21367,59541,12293,4606,16899,11957,2483,5225
02-May-20,38032,20941,58973,12479,4711,17190,11662,2457,5177
03-May-20,37681,20542,58223,12529,4662,17191,11428,2451,5167
04-May-20,37747,20274,58021,12695,4631,17326,11406,2450,5159
05-May-20,36941,19726,56667,12734,4496,17230,11028,2342,4944
06-May-20,36852,19249,56101,13031,4479,17510,10809,2318,4891
07-May-20,36445,18957,55402,13015,4439,17454,10653,2249,4750
08-May-20,36241,18627,54868,13096,4498,17594,10488,2213,4675
09-May-20,36037,18399,54436,13248,4522,17770,10398,2135,4511
10-May-20,35840,18201,54041,13289,4510,17799,10295,2104,4448
11-May-20,35950,18081,54031,13579,4539,18118,10262,2035,4302
12-May-20,35907,17779,53686,13765,4554,18319,10132,2024,4275
13-May-20,36952,19676,56628,12744,4516,17260,11014,2341,4945
14-May-20,36924,19628,56552,12790,4501,17291,10978,2335,4933
15-May-20,36876,19616,56492,12745,4493,17238,10976,2337,4940
16-May-20,36889,19598,56487,12775,4488,17263,10960,2340,4945
17-May-20,36937,19574,56511,12815,4504,17319,10948,2342,4949
18-May-20,36933,19528,56461,12830,4499,17329,10942,2342,4947
19-May-20,36948,19566,56514,12825,4503,17328,10956,2339,4943
20-May-20,36975,19559,56534,12872,4510,17382,10953,2328,4919
21-May-20,36934,19546,56480,12871,4506,17377,10930,2328,4920
22-May-20,36888,19552,56440,12819,4496,17315,10946,2325,4914
23-May-20,36870,19494,56364,12821,4523,17344,10918,2325,4915
24-May-20,36844,19490,56334,12810,4510,17320,10919,2325,4912
25-May-20,36871,19522,56393,12813,4501,17314,10938,2328,4918
26-May-20,36883,19541,56424,12811,4506,17317,10942,2332,4924
27-May-20,36892,19550,56442,12830,4512,17342,10949,2324,4909
28-May-20,36870,19485,56355,12860,4504,17364,10923,2319,4898
29-May-20,36842,19472,56314,12841,4495,17336,10922,2319,4897
30-May-20,36753,19414,56167,12797,4502,17299,10887,2315,4888
31-May-20,36873,19410,56283,12891,4522,17413,10887,2317,4891
01-Jun-20,38171,21327,59498,12327,4611,16938,11934,2483,5226
02-Jun-20,38023,20939,58962,12471,4696,17167,11674,2458,5178
03-Jun-20,37606,20480,58086,12496,4658,17154,11409,2452,5172
04-Jun-20,37702,20278,57980,12669,4609,17278,11414,2448,5154
05-Jun-20,37006,19760,56766,12748,4529,17277,11040,2341,4941
06-Jun-20,36766,19256,56022,12958,4478,17436,10810,2314,4884
07-Jun-20,36555,18949,55504,13067,4481,17548,10658,2254,4764
08-Jun-20,36276,18669,54945,13148,4481,17629,10508,2205,4660
09-Jun-20,35959,18372,54331,13202,4509,17711,10385,2136,4515
10-Jun-20,35849,18247,54096,13287,4517,17804,10320,2096,4429
11-Jun-20,35918,18054,53972,13581,4523,18104,10227,2045,4322
12-Jun-20,35903,17771,53674,13760,4554,18314,10137,2023,4273
13-Jun-20,36734,19238,55972,12935,4478,17413,10805,2306,4868
14-Jun-20,36794,19237,56031,12993,4491,17484,10801,2303,4862
15-Jun-20,36814,19256,56070,13012,4467,17479,10800,2318,4891
17-Jun-20,36717,19195,55912,13052,4442,17494,10774,2286,4829
18-Jun-20,36640,19170,55810,13054,4387,17441,10755,2289,4834
19-Jun-20,36647,19136,55783,13031,4466,17497,10725,2282,4818
20-Jun-20,36641,19133,55774,13028,4471,17499,10722,2281,4814
21-Jun-20,36638,19131,55769,12991,4493,17484,10727,2281,4816
22-Jun-20,36687,19170,55857,13010,4485,17495,10742,2287,4827
23-Jun-20,36689,19152,55841,13009,4478,17487,10745,2289,4832
24-Jun-20,36614,19045,55659,13045,4492,17537,10675,2273,4801
25-Jun-20,36605,19018,55623,13035,4492,17527,10681,2272,4799
26-Jun-20,36530,18983,55513,12985,4487,17472,10662,2271,4797
28-Jun-20,36556,18984,55540,13056,4467,17523,10657,2261,4777
29-Jun-20,36565,18980,55545,13080,4466,17546,10658,2253,4759
30-Jun-20,36562,18991,55553,13066,4464,17530,10664,2260,4772
01-Jul-20,38236,21347,59583,12353,4635,16988,11946,2485,5226
02-Jul-20,37967,20902,58869,12448,4690,17138,11659,2454,5173
03-Jul-20,37606,20499,58105,12453,4661,17114,11426,2457,5183
04-Jul-20,37716,20266,57982,12686,4617,17303,11399,2450,5160
05-Jul-20,36932,19760,56692,12711,4517,17228,11033,2337,4931
07-Jul-20,36468,18926,55394,13086,4451,17537,10633,2239,4733
08-Jul-20,36205,18633,54838,13117,4485,17602,10490,2199,4648
09-Jul-20,36038,18425,54463,13235,4532,17767,10411,2131,4502
10-Jul-20,35882,18252,54134,13321,4528,17849,10318,2089,4413
11-Jul-20,35889,18029,53918,13576,4523,18099,10214,2042,4317
12-Jul-20,35880,17746,53626,13779,4545,18324,10113,2028,4284
13-Jul-20,36477,18858,55335,13136,4465,17601,10590,2245,4746
14-Jul-20,36472,18895,55367,13108,4470,17578,10617,2235,4726
15-Jul-20,36333,18918,55251,12933,4481,17414,10638,2234,4724
16-Jul-20,36447,18874,55321,13089,4476,17565,10612,2235,4723
17-Jul-20,36393,18854,55247,13070,4461,17531,10601,2228,4706
18-Jul-20,36358,18802,55160,13061,4477,17538,10568,2232,4714
19-Jul-20,36409,18825,55234,13081,4478,17559,10577,2235,4723
20-Jul-20,36438,18820,55258,13112,4479,17591,10579,2234,4721
21-Jul-20,36462,18834,55296,13128,4488,17616,10593,2227,4709
22-Jul-20,36464,18820,55284,13168,4474,17642,10585,2225,4704
23-Jul-20,36405,18801,55206,13120,4487,17607,10574,2222,4696
24-Jul-20,36362,18761,55123,13113,4461,17574,10568,2220,4689
25-Jul-20,36376,18758,55134,13114,4466,17580,10565,2225,4697
26-Jul-20,36388,18730,55118,13145,4486,17631,10547,2217,4681
27-Jul-20,36359,18717,55076,13130,4489,17619,10537,2214,4673
28-Jul-20,36355,18724,55079,13129,4481,17610,10550,2205,4655
29-Jul-20,36364,18684,55048,13160,4491,17651,10527,2212,4668
30-Jul-20,36374,18716,55090,13141,4508,17649,10542,2208,4663
31-Jul-20,36212,18718,54930,13048,4486,17534,10529,2195,4638
01-Aug-20,38272,21354,59626,12383,4633,17016,11967,2476,5211
02-Aug-20,37971,20854,58825,12464,4704,17168,11623,2468,5205
03-Aug-20,37680,20478,58158,12522,4660,17182,11418,2462,5193
04-Aug-20,37667,20254,57921,12694,4631,17325,11351,2445,5150
05-Aug-20,37038,19707,56745,12809,4531,17340,11011,2345,4950
06-Aug-20,36851,19265,56116,13021,4472,17493,10821,2312,4881
07-Aug-20,36471,18906,55377,13099,4463,17562,10621,2243,4738
08-Aug-20,36139,18623,54762,13085,4475,17560,10486,2194,4636
09-Aug-20,36052,18425,54477,13211,4554,17765,10408,2140,4521
10-Aug-20,35870,18189,54059,13312,4532,17844,10287,2102,4441
11-Aug-20,35964,18036,54000,13632,4523,18155,10225,2046,4325
12-Aug-20,35917,17781,53698,13787,4548,18335,10131,2022,4274
13-Aug-20,36227,18614,54841,13155,4529,17684,10479,2183,4612
14-Aug-20,36142,18587,54729,13091,4520,17611,10469,2189,4622
15-Aug-20,36174,18590,54764,13128,4516,17644,10468,2195,4635
16-Aug-20,36263,18613,54876,13192,4521,17713,10480,2195,4635
17-Aug-20,36216,18521,54737,13225,4526,17751,10430,2184,4612
18-Aug-20,36141,18521,54662,13145,4518,17663,10431,2187,4619
19-Aug-20,36233,18550,54783,13177,4531,17708,10466,2193,4629
20-Aug-20,36256,18535,54791,13224,4547,17771,10449,2183,4611
21-Aug-20,36193,18517,54710,13205,4527,17732,10434,2184,4610
22-Aug-20,36180,18524,54704,13190,4540,17730,10440,2173,4590
23-Aug-20,36226,18523,54749,13211,4546,17757,10446,2172,4591
24-Aug-20,36242,18514,54756,13221,4538,17759,10444,2178,4602
25-Aug-20,36138,18463,54601,13212,4545,17757,10415,2154,4553
26-Aug-20,36143,18487,54630,13220,4556,17776,10424,2139,4524
27-Aug-20,36180,18517,54697,13223,4552,17775,10441,2144,4534
28-Aug-20,36177,18461,54638,13231,4544,17775,10419,2158,4563
29-Aug-20,36220,18457,54677,13263,4557,17820,10425,2157,4561
30-Aug-20,36183,18472,54655,13230,4546,17776,10432,2156,4560
31-Aug-20,36134,18436,54570,13226,4533,17759,10414,2158,4562
01-Sept-20,38356,21457,59813,12391,4656,17047,12017,2475,5207
02-Sept-20,38043,20871,58914,12505,4700,17205,11639,2471,5211
03-Sept-20,37688,20453,58141,12527,4660,17187,11410,2476,5221
04-Sept-20,37621,20221,57842,12692,4633,17325,11329,2433,5121
05-Sept-20,37061,19710,56771,12800,4542,17342,11013,2351,4965
06-Sept-20,36836,19246,56082,13035,4465,17500,10813,2305,4865
07-Sept-20,36505,18951,55456,13102,4466,17568,10652,2237,4726
08-Sept-20,36222,18619,54841,13140,4496,17636,10483,2196,4641
09-Sept-20,36059,18431,54490,13263,4542,17805,10404,2125,4491
10-Sept-20,35887,18228,54115,13292,4536,17828,10303,2104,4447
11-Sept-20,35905,18021,53926,13590,4524,18114,10224,2043,4314
12-Sept-20,35953,17805,53758,13817,4558,18375,10142,2013,4254
13-Sept-20,36088,18410,54498,13283,4562,17845,10405,2130,4500
14-Sept-20,36008,18360,54368,13230,4557,17787,10381,2127,4495
15-Sept-20,36078,18382,54460,13310,4566,17876,10393,2118,4476
16-Sept-20,36098,18370,54468,13316,4576,17892,10399,2116,4470
17-Sept-20,36086,18352,54438,13334,4557,17891,10393,2116,4471
18-Sept-20,36066,18377,54443,13280,4549,17829,10411,2123,4486
19-Sept-20,36020,18340,54360,13284,4555,17839,10373,2115,4471
20-Sept-20,36071,18355,54426,13292,4568,17860,10393,2116,4473
21-Sept-20,36041,18296,54337,13315,4554,17869,10369,2116,4472
22-Sept-20,36024,18300,54324,13327,4565,17892,10358,2101,4443
23-Sept-20,35923,18250,54173,13293,4546,17839,10334,2096,4430
24-Sept-20,35922,18266,54188,13280,4543,17823,10344,2101,4440
25-Sept-20,35876,18257,54133,13220,4523,17743,10345,2113,4467
26-Sept-20,35850,18240,54090,13229,4510,17739,10335,2109,4459
27-Sept-20,35921,18269,54190,13272,4523,17795,10345,2107,4457
28-Sept-20,35919,18213,54132,13313,4510,17823,10308,2114,4472
29-Sept-20,35881,18255,54136,13276,4493,17769,10328,2112,4468
30-Sept-20,35873,18270,54143,13278,4520,17798,10326,2096,4434
01-Oct-20,38204,21443,59647,12308,4619,16927,12011,2469,5195
02-Oct-20,38018,20854,58872,12503,4701,17204,11619,2472,5213
03-Oct-20,37667,20453,58120,12527,4664,17191,11414,2461,5190
04-Oct-20,37577,20185,57762,12658,4636,17294,11318,2433,5122
05-Oct-20,37096,19706,56802,12826,4536,17362,11015,2358,4981
06-Oct-20,36811,19224,56035,13033,4481,17514,10796,2297,4850
07-Oct-20,36557,18930,55487,13152,4486,17638,10641,2236,4724
08-Oct-20,36230,18611,54841,13116,4514,17630,10480,2206,4663
09-Oct-20,36070,18417,54487,13277,4564,17841,10405,2118,4475
10-Oct-20,35935,18226,54161,13348,4521,17869,10316,2100,4439
11-Oct-20,35870,17972,53842,13608,4519,18127,10194,2038,4307
12-Oct-20,35897,17773,53670,13783,4553,18336,10115,2020,4265
13-Oct-20,35967,18247,54214,13352,4542,17894,10313,2102,4443
14-Oct-20,35878,18188,54066,13380,4511,17891,10276,2085,4410
15-Oct-20,35960,18240,54200,13419,4514,17933,10304,2086,4411
16-Oct-20,35991,18267,54258,13431,4520,17951,10315,2086,4410
17-Oct-20,35977,18259,54236,13432,4526,17958,10304,2088,4412
18-Oct-20,36074,18293,54367,13463,4532,17995,10331,2093,4422
19-Oct-20,35959,18256,54215,13404,4531,17935,10306,2084,4404
20-Oct-20,35961,18275,54236,13434,4529,17963,10306,2076,4387
21-Oct-20,35867,18218,54085,13423,4508,17931,10280,2062,4358
22-Oct-20,35944,18275,54219,13437,4522,17959,10312,2067,4364
23-Oct-20,35946,18281,54227,13403,4520,17923,10327,2073,4380
24-Oct-20,35913,18231,54144,13433,4503,17936,10301,2070,4374
25-Oct-20,35923,18244,54167,13409,4529,17938,10316,2063,4360
26-Oct-20,35988,18186,54174,13479,4530,18009,10304,2070,4375
27-Oct-20,36022,18181,54203,13505,4544,18049,10305,2067,4371
28-Oct-20,35926,18106,54032,13502,4544,18046,10270,2047,4332
29-Oct-20,35991,18093,54084,13569,4542,18111,10261,2055,4345
30-Oct-20,35983,18107,54090,13562,4523,18085,10277,2058,4353
31-Oct-20,35980,18129,54109,13536,4516,18052,10293,2060,4359
01-Nov-20,38212,21471,59683,12323,4607,16930,12024,2464,5186
02-Nov-20,38032,20868,58900,12522,4702,17224,11627,2463,5195
03-Nov-20,37653,20465,58118,12519,4663,17182,11416,2463,5195
04-Nov-20,37591,20181,57772,12667,4622,17289,11334,2431,5123
05-Nov-20,37099,19700,56799,12810,4561,17371,11014,2356,4978
06-Nov-20,36788,19240,56028,13001,4501,17502,10802,2290,4835
07-Nov-20,36547,18913,55460,13151,4462,17613,10636,2244,4740
08-Nov-20,36154,18583,54737,13092,4532,17624,10473,2181,4607
09-Nov-20,36013,18410,54423,13236,4539,17775,10413,2120,4479
10-Nov-20,35961,18229,54190,13366,4540,17906,10322,2092,4423
11-Nov-20,35933,17984,53917,13682,4543,18225,10202,2020,4265
12-Nov-20,35903,17781,53684,13789,4562,18351,10115,2020,4265
13-Nov-20,35978,18028,54006,13659,4563,18222,10213,2035,4301
14-Nov-20,35982,18061,54043,13649,4559,18208,10242,2033,4296
15-Nov-20,35973,18043,54016,13640,4557,18197,10241,2034,4296
16-Nov-20,35913,17961,53874,13647,4558,18205,10192,2031,4290
17-Nov-20,35960,17917,53877,13728,4574,18302,10176,2017,4263
18-Nov-20,36005,17958,53963,13744,4562,18306,10196,2027,4282
19-Nov-20,35975,17895,53870,13750,4574,18324,10168,2021,4270
20-Nov-20,35894,17903,53797,13673,4551,18224,10181,2025,4279
21-Nov-20,35955,17948,53903,13695,4545,18240,10211,2030,4288
22-Nov-20,35951,17974,53925,13647,4557,18204,10234,2026,4281
23-Nov-20,36023,17985,54008,13703,4550,18253,10254,2028,4286
24-Nov-20,35854,17899,53753,13668,4532,18200,10202,2009,4243
25-Nov-20,35830,17899,53729,13655,4499,18154,10205,2017,4264
26-Nov-20,35829,17914,53743,13628,4487,18115,10218,2025,4277
27-Nov-20,35817,17891,53708,13645,4510,18155,10205,2008,4242
28-Nov-20,35848,17897,53745,13664,4514,18178,10207,2012,4249
29-Nov-20,35839,17847,53686,13713,4508,18221,10181,2003,4232
30-Nov-20,35812,17780,53592,13692,4522,18214,10151,2011,4249
01-Dec-20,38281,21493,59774,12383,4636,17019,12023,2458,5170
02-Dec-20,38013,20850,58863,12504,4710,17214,11613,2470,5207
03-Dec-20,37684,20488,58172,12561,4656,17217,11423,2457,5176
04-Dec-20,37606,20170,57776,12667,4626,17293,11352,2432,5125
05-Dec-20,36987,19649,56636,12788,4539,17327,10990,2340,4945
06-Dec-20,36737,19224,55961,12956,4497,17453,10797,2295,4845
07-Dec-20,36495,18867,55362,13117,4486,17603,10602,2243,4741
08-Dec-20,36268,18639,54907,13148,4546,17694,10491,2189,4625
09-Dec-20,36022,18449,54471,13201,4542,17743,10437,2124,4486
10-Dec-20,35975,18205,54180,13397,4543,17940,10302,2093,4425
11-Dec-20,35949,17974,53923,13682,4557,18239,10191,2029,4287
12-Dec-20,35913,17781,53694,13791,4561,18352,10130,2019,4260
13-Dec-20,35984,17794,53778,13848,4570,18418,10131,2016,4257
14-Dec-20,35969,17743,53712,13865,4569,18434,10103,2015,4253
15-Dec-20,35961,17721,53682,13882,4556,18438,10093,2012,4248
16-Dec-20,35930,17674,53604,13878,4554,18432,10058,2022,4267
17-Dec-20,35991,17661,53652,13913,4558,18471,10067,2025,4270
18-Dec-20,35969,17661,53630,13875,4561,18436,10072,2023,4267
19-Dec-20,35930,17627,53557,13883,4548,18431,10055,2021,4263
20-Dec-20,36009,17656,53665,13932,4551,18483,10072,2024,4270
21-Dec-20,35872,17570,53442,13875,4549,18424,10016,2024,4269
22-Dec-20,35807,17549,53356,13856,4551,18407,10002,2012,4243
23-Dec-20,35787,17564,53351,13827,4537,18364,10022,2003,4223
24-Dec-20,35785,17600,53385,13849,4521,18370,10038,1989,4197
25-Dec-20,35839,17570,53409,13897,4521,18418,10021,2001,4223
26-Dec-20,35894,17576,53470,13931,4534,18465,10030,1998,4218
27-Dec-20,35942,17592,53534,13950,4542,18492,10039,2004,4233
28-Dec-20,35844,17505,53349,13908,4557,18465,9986,2006,4236
29-Dec-20,35789,17417,53206,13952,4562,18514,9930,1990,4201
30-Dec-20,35663,17422,53085,13850,4535,18385,9927,1989,4201
31-Dec-20,35473,17401,52874,13692,4497,18189,9916,1995,4210
01-Jan-21,35719,17427,53146,13861,4524,18385,9946,2000,4224
02-Jan-21,35632,17093,52725,14026,4620,18646,9774,1949,4111
03-Jan-21,35195,16746,51941,13936,4543,18479,9593,1920,4054
04-Jan-21,34471,16178,50649,13816,4447,18263,9292,1865,3942
05-Jan-21,33548,15711,49259,13506,4308,17814,9042,1812,3813
06-Jan-21,32826,15267,48093,13294,4280,17574,8835,1744,3669
07-Jan-21,31326,14563,45889,12601,4212,16813,8327,1690,3561
08-Jan-21,30312,14274,44586,12215,3896,16111,8180,1636,3436
09-Jan-21,30383,14456,44839,12148,3993,16141,8313,1595,3345
10-Jan-21,30769,14815,45584,12199,4090,16289,8513,1575,3303
11-Jan-21,31094,14822,45916,12476,4147,16623,8541,1563,3275
12-Jan-21,31063,14760,45823,12583,4154,16737,8498,1509,3160
13-Jan-21,35639,17256,52895,13943,4538,18481,9852,1980,4187
14-Jan-21,35503,17156,52659,13952,4552,18504,9761,1964,4145
15-Jan-21,35490,17119,52609,13919,4549,18468,9760,1970,4157
16-Jan-21,35554,17151,52705,13941,4558,18499,9791,1966,4146
17-Jan-21,35568,17160,52728,13940,4550,18490,9806,1969,4151
18-Jan-21,35631,17173,52804,13989,4558,18547,9809,1970,4158
19-Jan-21,35571,17118,52689,13974,4563,18537,9772,1968,4154
20-Jan-21,35589,17165,52754,13961,4569,18530,9799,1957,4126
21-Jan-21,35646,17207,52853,13965,4583,18548,9827,1959,4134
22-Jan-21,35642,17185,52827,13998,4571,18569,9813,1957,4129
23-Jan-21,35735,17270,53005,14036,4567,18603,9853,1961,4135
24-Jan-21,35664,17209,52873,14026,4574,18600,9818,1955,4124
25-Jan-21,35731,17192,52923,14066,4594,18660,9805,1964,4145
26-Jan-21,35659,17174,52833,14044,4583,18627,9798,1956,4125
27-Jan-21,35692,17198,52890,14020,4612,18632,9820,1953,4119
28-Jan-21,35668,17171,52839,14035,4596,18631,9802,1954,4122
29-Jan-21,35587,17147,52734,13948,4603,18551,9800,1959,4131
30-Jan-21,35563,17077,52640,13990,4595,18585,9758,1954,4122
31-Jan-21,35584,17079,52663,14010,4612,18622,9762,1947,4106
01-Feb-21,35690,17438,53128,13854,4507,18361,9950,1994,4213
02-Feb-21,35506,17075,52581,13952,4610,18562,9761,1940,4091
03-Feb-21,35202,16746,51948,13962,4526,18488,9590,1922,4056
04-Feb-21,34420,16180,50600,13772,4444,18216,9285,1867,3947
05-Feb-21,33533,15688,49221,13505,4308,17813,9026,1816,3820
06-Feb-21,32705,15256,47961,13216,4271,17487,8821,1737,3655
07-Feb-21,31171,14519,45690,12479,4219,16698,8303,1691,3563
08-Feb-21,30452,14286,44738,12268,3975,16243,8181,1644,3450
09-Feb-21,30363,14475,44838,12145,3970,16115,8314,1588,3329
10-Feb-21,30648,14833,45481,12105,4067,16172,8532,1558,3269
11-Feb-21,31127,14852,45979,12490,4161,16651,8559,1555,3258
12-Feb-21,30944,14727,45671,12510,4150,16660,8496,1491,3124
13-Feb-21,35391,16969,52360,13925,4567,18492,9709,1935,4087
14-Feb-21,35358,16959,52317,13940,4568,18508,9694,1927,4066
15-Feb-21,35323,16880,52203,13939,4578,18517,9647,1933,4081
16-Feb-21,35346,16995,52341,13861,4594,18455,9706,1935,4086
17-Feb-21,35248,16933,52181,13793,4588,18381,9689,1925,4067
18-Feb-21,35197,16929,52126,13775,4580,18355,9682,1923,4061
19-Feb-21,35269,16932,52201,13818,4576,18394,9692,1934,4082
20-Feb-21,35321,16938,52259,13868,4580,18448,9693,1930,4076
21-Feb-21,35260,16902,52162,13827,4570,18397,9670,1935,4086
22-Feb-21,35229,16908,52137,13816,4557,18373,9677,1930,4076
23-Feb-21,35249,16885,52134,13839,4564,18403,9660,1937,4089
24-Feb-21,35174,16824,51998,13859,4545,18404,9607,1933,4078
25-Feb-21,35182,16811,51993,13886,4541,18427,9606,1926,4066
26-Feb-21,35155,16828,51983,13861,4546,18407,9621,1916,4043
27-Feb-21,35165,16807,51972,13882,4556,18438,9612,1914,4042
28-Feb-21,35221,16794,52015,13918,4559,18477,9613,1919,4051
01-Mar-21,35802,17457,53259,13925,4530,18455,9968,1990,4203
02-Mar-21,35467,17100,52567,13923,4590,18513,9777,1931,4077
03-Mar-21,35108,16720,51828,13931,4503,18434,9579,1913,4036
04-Mar-21,34334,16161,50495,13732,4409,18141,9280,1866,3946
05-Mar-21,33599,15609,49208,13582,4347,17929,9000,1816,3819
06-Mar-21,32801,15307,48108,13279,4272,17551,8842,1738,3656
07-Mar-21,31049,14545,45594,12356,4195,16551,8324,1685,3550
08-Mar-21,30455,14389,44844,12220,3987,16207,8233,1632,3424
09-Mar-21,30359,14509,44868,12086,3981,16067,8329,1594,3340
10-Mar-21,30818,14863,45681,12210,4088,16298,8545,1569,3292
11-Mar-21,31190,14840,46030,12553,4175,16728,8562,1547,3242
12-Mar-21,30872,14725,45597,12449,4140,16589,8484,1495,3131
13-Mar-21,34900,16582,51482,13932,4508,18440,9491,1869,3953
14-Mar-21,34930,16546,51476,13954,4536,18490,9472,1867,3950
15-Mar-21,34926,16527,51453,13950,4532,18482,9462,1875,3968
16-Mar-21,34987,16484,51471,14031,4538,18569,9440,1874,3966
17-Mar-21,34879,16485,51364,13928,4526,18454,9434,1878,3976
18-Mar-21,34913,16498,51411,13948,4533,18481,9438,1882,3978
19-Mar-21,34852,16487,51339,13922,4504,18426,9430,1885,3978
20-Mar-21,34783,16467,51250,13877,4505,18382,9420,1879,3969
21-Mar-21,34810,16491,51301,13900,4509,18409,9440,1869,3947
22-Mar-21,34747,16422,51169,13911,4507,18418,9398,1865,3938
23-Mar-21,34683,16368,51051,13891,4504,18395,9375,1864,3938
24-Mar-21,34742,16342,51084,13928,4511,18439,9360,1877,3965
25-Mar-21,34693,16311,51004,13879,4517,18396,9352,1879,3968
26-Mar-21,34504,16261,50765,13790,4477,18267,9331,1867,3942
27-Mar-21,34511,16269,50780,13790,4459,18249,9340,1868,3941
28-Mar-21,34617,16267,50884,13869,4480,18349,9343,1865,3939
29-Mar-21,34600,16214,50814,13886,4484,18370,9313,1868,3946
30-Mar-21,34525,16227,50752,13820,4468,18288,9319,1861,3934
31-Mar-21,34542,16169,50711,13855,4467,18322,9300,1863,3940
01-Apr-21,35590,17365,52955,13787,4504,18291,9908,2000,4224
02-Apr-21,35452,17100,52552,13883,4595,18478,9772,1937,4091
03-Apr-21,35176,16720,51896,13989,4526,18515,9578,1911,4035
04-Apr-21,34419,16187,50606,13812,4406,18218,9299,1859,3928
05-Apr-21,33564,15631,49195,13557,4352,17909,8997,1811,3805
06-Apr-21,32714,15270,47984,13213,4263,17476,8819,1744,3667
07-Apr-21,30948,14563,45511,12221,4190,16411,8333,1696,3573
08-Apr-21,30601,14484,45085,12254,4004,16258,8292,1638,3436
09-Apr-21,30325,14570,44895,12013,3972,15985,8371,1591,3333
10-Apr-21,30903,14797,45700,12321,4109,16430,8516,1565,3284
11-Apr-21,31285,14903,46188,12641,4172,16813,8582,1541,3229
12-Apr-21,30901,14787,45688,12459,4120,16579,8512,1495,3132
13-Apr-21,34123,15992,50115,13727,4403,18130,9185,1843,3882
14-Apr-21,34077,16017,50094,13690,4391,18081,9197,1839,3871
15-Apr-21,34129,16003,50132,13738,4400,18138,9197,1840,3873
16-Apr-21,34110,15986,50096,13732,4394,18126,9191,1843,3882
17-Apr-21,34032,15947,49979,13699,4391,18090,9167,1840,3877
18-Apr-21,34028,15924,49952,13724,4375,18099,9150,1840,3877
19-Apr-21,33956,15911,49867,13657,4391,18048,9140,1841,3879
20-Apr-21,33857,15819,49676,13649,4361,18010,9095,1843,3882
21-Apr-21,33969,15883,49852,13733,4374,18107,9112,1835,3866
22-Apr-21,33956,15869,49825,13729,4371,18100,9106,1832,3860
23-Apr-21,33871,15875,49746,13628,4367,17995,9108,1836,3867
24-Apr-21,33869,15847,49716,13648,4359,18007,9106,1835,3861
25-Apr-21,33874,15822,49696,13694,4351,18045,9095,1831,3852
26-Apr-21,33850,15796,49646,13714,4344,18058,9075,1821,3835
27-Apr-21,33733,15789,49522,13605,4353,17958,9076,1816,3825
28-Apr-21,33771,15788,49559,13625,4355,17980,9080,1821,3832
29-Apr-21,33721,15735,49456,13625,4341,17966,9061,1814,3819
30-Apr-21,33622,15716,49338,13540,4321,17861,9054,1815,3819
01-May-21,35589,17316,52905,13876,4508,18384,9870,1977,4176
02-May-21,35366,17065,52431,13821,4576,18397,9759,1938,4091
03-May-21,35103,16766,51869,13939,4485,18424,9598,1908,4032
04-May-21,34361,16145,50506,13781,4418,18199,9257,1867,3945
05-May-21,33638,15629,49267,13606,4382,17988,9039,1804,3792
06-May-21,32613,15279,47892,13145,4242,17387,8830,1733,3646
07-May-21,31033,14528,45561,12293,4231,16524,8314,1693,3567
08-May-21,30606,14507,45113,12240,4005,16245,8309,1633,3426
09-May-21,30404,14604,45008,12043,3981,16024,8388,1601,3356
10-May-21,30943,14839,45782,12349,4090,16439,8540,1569,3292
11-May-21,31194,14922,46116,12539,4164,16703,8592,1544,3237
12-May-21,30943,14802,45745,12466,4137,16603,8516,1500,3142
13-May-21,33293,15515,48808,13474,4347,17821,8930,1780,3742
14-May-21,33266,15496,48762,13460,4336,17796,8934,1781,3744
15-May-21,33246,15536,48782,13427,4318,17745,8957,1780,3743
16-May-21,33241,15515,48756,13451,4326,17777,8937,1775,3733
17-May-21,33191,15456,48647,13429,4337,17766,8908,1778,3739
18-May-21,33074,15418,48492,13365,4325,17690,8905,1763,3708
19-May-21,33026,15346,48372,13396,4311,17707,8867,1760,3701
20-May-21,33012,15376,48388,13355,4328,17683,8875,1754,3688
21-May-21,32919,15375,48294,13285,4305,17590,8865,1764,3708
22-May-21,32877,15378,48255,13275,4294,17569,8859,1757,3693
23-May-21,32894,15341,48235,13343,4283,17626,8831,1751,3681
24-May-21,32944,15330,48274,13376,4310,17686,8824,1760,3699
25-May-21,32876,15312,48188,13333,4299,17632,8833,1748,3674
26-May-21,32873,15326,48199,13339,4297,17636,8838,1740,3656
27-May-21,32868,15372,48240,13312,4289,17601,8845,1750,3675
28-May-21,32888,15365,48253,13320,4305,17625,8852,1744,3664
29-May-21,32944,15347,48291,13377,4307,17684,8858,1738,3653
30-May-21,32968,15362,48330,13386,4285,17671,8879,1743,3663
31-May-21,32887,15341,48228,13317,4266,17583,8872,1748,3675
01-Jun-21,35585,17362,52947,13836,4522,18358,9896,1975,4173
02-Jun-21,35407,17064,52471,13843,4588,18431,9766,1943,4103
03-Jun-21,35146,16794,51940,13955,4493,18448,9612,1903,4020
04-Jun-21,34225,16044,50269,13750,4404,18154,9205,1859,3927
05-Jun-21,33560,15587,49147,13551,4389,17940,8985,1803,3792
06-Jun-21,32679,15298,47977,13196,4241,17437,8847,1731,3642
07-Jun-21,31146,14549,45695,12386,4232,16618,8324,1693,3565
08-Jun-21,30553,14481,45034,12195,3994,16189,8302,1634,3428
09-Jun-21,30334,14536,44870,12029,3970,15999,8354,1601,3356
10-Jun-21,30941,14817,45758,12359,4085,16444,8537,1566,3285
11-Jun-21,31050,14898,45948,12486,4117,16603,8558,1549,3245
12-Jun-21,30991,14787,45778,12534,4146,16680,8498,1502,3147
13-Jun-21,32652,15245,47897,13208,4263,17471,8800,1736,3647
14-Jun-21,32634,15195,47829,13241,4272,17513,8762,1739,3654
15-Jun-21,32573,15173,47746,13199,4263,17462,8759,1738,3652
16-Jun-21,32593,15169,47762,13204,4268,17472,8768,1737,3648
17-Jun-21,32493,15165,47658,13165,4242,17407,8755,1728,3633
18-Jun-21,32563,15192,47755,13214,4241,17455,8777,1722,3622
19-Jun-21,32486,15181,47667,13145,4238,17383,8775,1722,3623
20-Jun-21,32473,15171,47644,13125,4253,17378,8767,1723,3624
21-Jun-21,32445,15076,47521,13150,4262,17412,8704,1728,3637
22-Jun-21,32500,15109,47609,13158,4282,17440,8721,1731,3643
23-Jun-21,32335,15079,47414,13025,4272,17297,8703,1733,3649
24-Jun-21,32296,15082,47378,12954,4293,17247,8709,1734,3650
25-Jun-21,32188,15079,47267,12878,4272,17150,8709,1729,3638
26-Jun-21,32103,15101,47204,12831,4231,17062,8716,1725,3629
27-Jun-21,32052,15062,47114,12826,4214,17040,8685,1728,3635
28-Jun-21,32039,15037,47076,12805,4232,17037,8658,1733,3651
29-Jun-21,32023,15090,47113,12772,4215,16987,8691,1730,3646
30-Jun-21,31987,15058,47045,12752,4229,16981,8674,1730,3645
01-Jul-21,35522,17259,52781,13859,4533,18392,9827,1976,4175
02-Jul-21,35410,17004,52414,13894,4592,18486,9731,1939,4094
03-Jul-21,35232,16809,52041,14008,4505,18513,9624,1903,4019
04-Jul-21,34175,16031,50206,13729,4378,18107,9208,1856,3915
05-Jul-21,33511,15606,49117,13490,4377,17867,8999,1807,3800
06-Jul-21,32704,15238,47942,13235,4261,17496,8800,1746,3673
07-Jul-21,31012,14536,45548,12358,4184,16542,8303,1681,3540
08-Jul-21,30547,14473,45020,12192,4009,16201,8295,1632,3422
09-Jul-21,30532,14586,45118,12160,3999,16159,8378,1602,3358
10-Jul-21,30919,14847,45766,12315,4078,16393,8539,1577,3304
12-Jul-21,31007,14773,45780,12545,4169,16714,8500,1491,3125
13-Jul-21,31058,14539,45597,12407,4176,16583,8282,1680,3539
14-Jul-21,31034,14490,45524,12425,4158,16583,8269,1681,3544
15-Jul-21,30993,14528,45521,12403,4129,16532,8305,1673,3525
16-Jul-21,30943,14545,45488,12386,4117,16503,8310,1664,3501
17-Jul-21,30954,14561,45515,12364,4115,16479,8325,1666,3509
18-Jul-21,30986,14550,45536,12396,4122,16518,8316,1670,3517
19-Jul-21,30906,14453,45359,12367,4115,16482,8273,1672,3521
20-Jul-21,30880,14435,45315,12349,4111,16460,8262,1677,3530
21-Jul-21,30823,14435,45258,12358,4100,16458,8257,1653,3478
22-Jul-21,30776,14429,45205,12310,4092,16402,8260,1654,3479
23-Jul-21,30678,14460,45138,12242,4084,16326,8287,1632,3434
24-Jul-21,30745,14497,45242,12270,4071,16341,8318,1638,3446
25-Jul-21,30798,14491,45289,12317,4086,16403,8306,1639,3447
26-Jul-21,30705,14443,45148,12338,4026,16364,8267,1643,3455
27-Jul-21,30552,14448,45000,12307,3923,16230,8271,1630,3428
28-Jul-21,30409,14454,44863,12267,3801,16068,8282,1636,3440
29-Jul-21,30691,14482,45173,12319,3989,16308,8299,1640,3448
30-Jul-21,30618,14483,45101,12248,3977,16225,8296,1648,3463
31-Jul-21,30443,14305,44748,12252,3982,16234,8192,1630,3424
01-Aug-21,35534,17220,52754,13872,4526,18398,9817,1984,4193
02-Aug-21,35425,16957,52382,13937,4604,18541,9695,1944,4106
03-Aug-21,35161,16720,51881,14011,4495,18506,9571,1901,4016
04-Aug-21,34140,16049,50189,13683,4380,18063,9220,1856,3916
05-Aug-21,33466,15630,49096,13479,4360,17839,8994,1804,3794
06-Aug-21,32680,15239,47919,13246,4234,17480,8798,1737,3654
07-Aug-21,31065,14500,45565,12438,4200,16638,8278,1672,3523
08-Aug-21,30695,14491,45186,12278,4021,16299,8309,1646,3453
09-Aug-21,30415,14585,45000,12083,3996,16079,8374,1587,3330
10-Aug-21,30928,14923,45851,12296,4073,16369,8586,1566,3284
11-Aug-21,31118,14809,45927,12538,4148,16686,8524,1563,3270
12-Aug-21,31054,14782,45836,12595,4157,16752,8507,1491,3125
13-Aug-21,30701,14512,45213,12251,4037,16288,8328,1639,3443
14-Aug-21,30684,14504,45188,12268,4024,16292,8330,1630,3426
15-Aug-21,30680,14522,45202,12229,4028,16257,8342,1637,3440
16-Aug-21,30740,14522,45262,12254,4048,16302,8347,1639,3443
17-Aug-21,30661,14542,45203,12211,4029,16240,8362,1621,3406
18-Aug-21,30551,14375,44926,12258,4047,16305,8259,1609,3382
19-Aug-21,30577,14382,44959,12289,4030,16319,8268,1608,3379
20-Aug-21,30523,14404,44927,12242,4025,16267,8278,1605,3371
21-Aug-21,30548,14433,44981,12259,4009,16268,8307,1598,3356
22-Aug-21,30658,14472,45130,12326,4026,16352,8330,1599,3358
23-Aug-21,30658,14474,45132,12303,4021,16324,8335,1614,3387
24-Aug-21,30529,14480,45009,12237,4010,16247,8326,1598,3355
25-Aug-21,30449,14433,44882,12217,3988,16205,8299,1601,3359
26-Aug-21,30444,14392,44836,12230,4012,16242,8272,1592,3342
27-Aug-21,30366,14420,44786,12156,3992,16148,8289,1585,3326
28-Aug-21,30368,14458,44826,12125,4003,16128,8315,1585,3325
29-Aug-21,30424,14480,44904,12152,4010,16162,8321,1588,3331
30-Aug-21,30439,14446,44885,12176,4007,16183,8302,1601,3358
31-Aug-21,30342,14425,44767,12131,4003,16134,8293,1591,3338
01-Sept-21,35584,17261,52845,13875,4536,18411,9843,1987,4199
02-Sept-21,35455,17015,52470,13922,4595,18517,9738,1938,4095
03-Sept-21,35052,16608,51660,13978,4509,18487,9508,1898,4012
04-Sept-21,34141,16015,50156,13713,4387,18100,9206,1849,3899
05-Sept-21,33565,15619,49184,13614,4346,17960,8981,1802,3791
06-Sept-21,32597,15201,47798,13190,4241,17431,8776,1735,3651
07-Sept-21,30943,14526,45469,12273,4207,16480,8291,1682,3543
08-Sept-21,30779,14486,45265,12318,4040,16358,8312,1652,3466
09-Sept-21,30515,14616,45131,12172,4016,16188,8387,1576,3306
10-Sept-21,30963,14947,45910,12279,4073,16352,8603,1578,3309
11-Sept-21,31036,14756,45792,12544,4150,16694,8493,1537,3217
12-Sept-21,31015,14816,45831,12536,4156,16692,8529,1486,3116
13-Sept-21,30420,14572,44992,12111,4005,16116,8341,1593,3339
14-Sept-21,30474,14581,45055,12145,4030,16175,8353,1582,3316
15-Sept-21,30485,14617,45102,12149,4034,16183,8378,1573,3295
16-Sept-21,30510,14623,45133,12164,4032,16196,8378,1576,3302
17-Sept-21,30476,14641,45117,12109,4015,16124,8400,1579,3308
18-Sept-21,30487,14654,45141,12074,4032,16106,8415,1579,3308
19-Sept-21,30598,14707,45305,12124,4038,16162,8452,1585,3320
20-Sept-21,30611,14653,45264,12161,4064,16225,8412,1592,3333
21-Sept-21,30670,14732,45402,12186,4059,16245,8460,1585,3316
22-Sept-21,30596,14616,45212,12214,4076,16290,8383,1573,3293
23-Sept-21,30645,14656,45301,12253,4090,16343,8406,1562,3271
24-Sept-21,30599,14721,45320,12161,4073,16234,8436,1568,3283
25-Sept-21,30683,14760,45443,12180,4082,16262,8466,1573,3296
26-Sept-21,30764,14750,45514,12261,4079,16340,8471,1575,3299
27-Sept-21,30827,14789,45616,12272,4076,16348,8495,1585,3318
28-Sept-21,30803,14741,45544,12312,4080,16392,8478,1569,3285
01-Oct-21,35668,17287,52955,13930,4548,18478,9859,1990,4203
02-Oct-21,35422,16985,52407,13922,4577,18499,9721,1940,4098
03-Oct-21,35068,16617,51685,13998,4519,18517,9514,1890,3995
04-Oct-21,34106,16053,50159,13688,4358,18046,9218,1849,3900
05-Oct-21,33430,15504,48934,13565,4361,17926,8920,1795,3776
06-Oct-21,32659,15288,47947,13202,4245,17447,8817,1732,3646
07-Oct-21,30980,14525,45505,12299,4192,16491,8290,1688,3555
08-Oct-21,30813,14541,45354,12308,4067,16375,8335,1645,3452
09-Oct-21,30426,14617,45043,12087,3992,16079,8400,1577,3308
10-Oct-21,31010,14907,45917,12326,4098,16424,8585,1581,3314
11-Oct-21,31037,14806,45843,12502,4143,16645,8523,1540,3227
12-Oct-21,30991,14908,45899,12456,4125,16581,8581,1496,3136
13-Oct-21,31159,14955,46114,12420,4123,16543,8614,1581,3320
14-Oct-21,31068,14911,45979,12373,4101,16474,8590,1584,3324
15-Oct-21,30984,14938,45922,12312,4084,16396,8604,1580,3315
16-Oct-21,30938,14972,45910,12295,4075,16370,8615,1563,3280
17-Oct-21,31088,14949,46037,12406,4081,16487,8613,1580,3314
18-Oct-21,31085,14900,45985,12410,4108,16518,8592,1577,3307
19-Oct-21,31120,14906,46026,12453,4120,16573,8585,1575,3299
20-Oct-21,31087,14930,46017,12379,4135,16514,8604,1575,3298
21-Oct-21,31102,14937,46039,12365,4148,16513,8611,1577,3304
21-Oct-21,31102,14937,46039,12365,4148,16513,8611,1577,3304
22-Oct-21,31052,14961,46013,12322,4117,16439,8624,1578,3307
23-Oct-21,31100,14976,46076,12346,4113,16459,8639,1584,3322
24-Oct-21,31200,14973,46173,12451,4126,16577,8640,1576,3304
25-Oct-21,31042,14865,45907,12461,4032,16493,8578,1579,3312
26-Oct-21,31123,14886,46009,12458,4160,16618,8579,1559,3268
27-Oct-21,31090,14921,46011,12425,4141,16566,8599,1559,3264
28-Oct-21,31220,14927,46147,12500,4179,16679,8599,1567,3285
29-Oct-21,31187,14931,46118,12478,4151,16629,8616,1562,3274
30-Oct-21,31111,14893,46004,12455,4127,16582,8596,1560,3270
31-Oct-21,31023,14887,45910,12386,4113,16499,8591,1559,3267
01-Nov-21,35656,17250,52906,13943,4544,18487,9836,1991,4204
02-Nov-21,35366,16956,52322,13899,4573,18472,9699,1938,4094
03-Nov-21,35087,16618,51705,14009,4530,18539,9531,1883,3980
04-Nov-21,34286,16050,50336,13820,4405,18225,9210,1852,3906
05-Nov-21,33350,15458,48808,13537,4360,17897,8894,1784,3753
06-Nov-21,32623,15265,47888,13174,4248,17422,8808,1740,3659
07-Nov-21,31026,14538,45564,12321,4190,16511,8307,1695,3569
08-Nov-21,30764,14527,45291,12295,4045,16340,8317,1647,3459
09-Nov-21,30370,14659,45029,12008,3988,15996,8416,1579,3311
10-Nov-21,31049,14851,45900,12417,4099,16516,8547,1580,3316
11-Nov-21,31107,14812,45919,12537,4164,16701,8537,1536,3220
12-Nov-21,30910,14855,45765,12445,4094,16539,8560,1487,3117
13-Nov-21,31085,14860,45945,12498,4129,16627,8569,1538,3223
14-Nov-21,31155,14812,45967,12575,4152,16727,8541,1543,3233
15-Nov-21,31176,14761,45937,12622,4151,16773,8521,1541,3229
16-Nov-21,31119,14769,45888,12597,4152,16749,8523,1528,3202
17-Nov-21,31179,14804,45983,12604,4181,16785,8554,1523,3192
18-Nov-21,31101,14781,45882,12577,4155,16732,8545,1514,3173
19-Nov-21,31010,14795,45805,12546,4130,16676,8545,1496,3136
20-Nov-21,31053,14775,45828,12565,4131,16696,8547,1503,3149
21-Nov-21,31028,14728,45756,12577,4132,16709,8511,1511,3166
22-Nov-21,31069,14769,45838,12560,4165,16725,8528,1509,3162
22-Nov-21,31069,14769,45838,12560,4165,16725,8528,1509,3162
23-Nov-21,31043,14691,45734,12610,4163,16773,8481,1497,3138
24-Nov-21,31001,14745,45746,12551,4133,16684,8513,1502,3145
25-Nov-21,30946,14788,45734,12452,4105,16557,8544,1512,3167
26-Nov-21,30919,14790,45709,12420,4122,16542,8550,1503,3149
27-Nov-21,30978,14726,45704,12527,4122,16649,8514,1503,3148
28-Nov-21,31022,14714,45736,12563,4132,16695,8500,1514,3170
29-Nov-21,31120,14713,45833,12616,4169,16785,8494,1513,3169
30-Nov-21,31110,14727,45837,12617,4182,16799,8498,1501,3142
01-Dec-21,35547,17229,52776,13896,4540,18436,9809,1980,4183
02-Dec-21,35346,16943,52289,13909,4563,18472,9690,1934,4085
03-Dec-21,34889,16550,51439,13939,4501,18440,9476,1873,3960
04-Dec-21,34225,15987,50212,13792,4418,18210,9184,1854,3904
05-Dec-21,33309,15476,48785,13492,4352,17844,8916,1778,3738
06-Dec-21,32620,15253,47873,13195,4234,17429,8802,1735,3646
07-Dec-21,31116,14538,45654,12414,4210,16624,8282,1691,3562
08-Dec-21,30708,14499,45207,12268,4057,16325,8304,1635,3435
09-Dec-21,30438,14650,45088,12069,3999,16068,8411,1582,3317
10-Dec-21,31029,14857,45886,12374,4115,16489,8554,1581,3319
11-Dec-21,31038,14783,45821,12492,4148,16640,8539,1534,3216
12-Dec-21,31071,14855,45926,12556,4131,16687,8559,1497,3137
13-Dec-21,31084,14861,45945,12546,4153,16699,8553,1497,3137
14-Dec-21,31040,14830,45870,12558,4150,16708,8547,1480,3100
15-Dec-21,30949,14735,45684,12558,4138,16696,8501,1472,3083
16-Dec-21,30965,14756,45721,12566,4112,16678,8513,1478,3096
17-Dec-21,30839,14773,45612,12450,4083,16533,8526,1476,3089
18-Dec-21,30853,14772,45625,12482,4086,16568,8520,1467,3071
19-Dec-21,30926,14737,45663,12561,4090,16651,8511,1467,3074
20-Dec-21,30931,14665,45596,12561,4127,16688,8463,1481,3103
23-Dec-21,30897,14674,45571,12534,4133,16667,8467,1470,3078
24-Dec-21,30741,14658,45399,12410,4112,16522,8460,1465,3067
25-Dec-21,30696,14705,45401,12368,4064,16432,8482,1470,3077
26-Dec-21,30786,14659,45445,12504,4070,16574,8460,1457,3051
27-Dec-21,30788,14576,45364,12536,4079,16615,8413,1465,3067
28-Dec-21,30665,14574,45239,12481,4098,16579,8384,1447,3030
29-Dec-21,30687,14612,45299,12497,4062,16559,8413,1445,3026
30-Dec-21,30644,14601,45245,12444,4057,16501,8417,1449,3031
31-Dec-21,30400,14596,44996,12269,3978,16247,8430,1447,3027
01-Jan-22,30554,14659,45213,12354,3993,16347,8455,1453,3041
01-Feb-22,30622,14663,45285,12397,4037,16434,8459,1441,3016
01-Mar-22,30674,14589,45263,12488,4035,16523,8421,1448,3031
01-Apr-22,30630,14508,45138,12526,4039,16565,8380,1445,3023
01-May-22,30670,14581,45251,12498,4043,16541,8416,1455,3042